7241
130
-60.9685 0
-60.9585 0
-60.9485 0
-60.9385 0
-60.9285 0
-60.9185 0
-60.9085 0
-60.8985 0
-60.8885 0
-60.8785 0
-60.8685 0
-60.8585 0
-60.8485 0
-60.8385 0
-60.8285 0
-60.8185 0
-60.8085 0
-60.7985 0
-60.7885 0
-60.7785 0
-60.7685 0
-60.7585 0
-60.7485 0
-60.7385 0
-60.7285 0
-60.7185 0
-60.7085 0
-60.6985 0
-60.6885 0
-60.6785 0
-60.6685 0
-60.6585 0
-60.6485 0
-60.6385 0
-60.6285 0
-60.6185 0.0078125
-60.6085 0.140625
-60.5985 0.140625
-60.5885 0.140625
-60.5785 0.140625
-60.5685 0.28125
-60.5585 0.234375
-60.5485 0.632812
-60.5385 0.28125
-60.5285 0
-60.5185 0
-60.5085 0
-60.4985 0
-60.4885 0
-60.4785 0
-60.4685 0
-60.4585 0
-60.4485 0
-60.4385 0
-60.4285 0
-60.4185 0
-60.4085 0
-60.3985 0
-60.3885 0
-60.3785 0
-60.3685 0
-60.3585 0
-60.3485 0
-60.3385 0
-60.3285 0
-60.3185 0
-60.3085 0
-60.2985 0
-60.2885 0
-60.2785 0
-60.2685 0
-60.2585 0
-60.2485 0
-60.2385 0
-60.2285 0
-60.2185 0
-60.2085 0
-60.1985 0
-60.1885 0
-60.1785 0
-60.1685 0
-60.1585 0
-60.1485 0
-60.1385 0
-60.1285 0
-60.1185 0
-60.1085 0
-60.0985 0
-60.0885 0
-60.0785 0
-60.0685 0
-60.0585 0
-60.0485 0
-60.0385 0
-60.0285 0
-60.0185 0
-60.0085 0
-59.9985 0
-59.9885 0
-59.9785 0
-59.9685 0
-59.9585 0
-59.9485 0
-59.9385 0
-59.9285 0
-59.9185 0
-59.9085 0
-59.8985 0
-59.8885 0
-59.8785 0
-59.8685 0
-59.8585 0
-59.8485 0
-59.8385 0
-59.8285 0
-59.8185 0
-59.8085 0
-59.7985 0
-59.7885 0
-59.7785 0
-59.7685 0
-59.7585 0
-59.7485 0
-59.7385 0
-59.7285 0
-59.7185 0
-59.7085 0
-59.6985 0
-59.6885 0
-59.6785 0
-59.6685 0
-59.6585 0
-59.6485 0
-59.6385 0
-59.6285 0
-59.6185 0
-59.6085 0
-59.5985 0
-59.5885 0
-59.5785 0
-59.5685 0
-59.5585 0
-59.5485 0
-59.5385 0
-59.5285 0
-59.5185 0
-59.5085 0
-59.4985 0
-59.4885 0
-59.4785 0
-59.4685 0
-59.4585 0
-59.4485 0
-59.4385 0
-59.4285 0
-59.4185 0
-59.4085 0
-59.3985 0
-59.3885 0
-59.3785 0
-59.3685 0
-59.3585 0
-59.3485 0
-59.3385 0
-59.3285 0
-59.3185 0
-59.3085 0
-59.2985 0
-59.2885 0
-59.2785 0
-59.2685 0
-59.2585 0
-59.2485 0
-59.2385 0
-59.2285 0
-59.2185 0
-59.2085 0
-59.1985 0
-59.1885 0
-59.1785 0
-59.1685 0
-59.1585 0
-59.1485 0
-59.1385 0
-59.1285 0
-59.1185 0
-59.1085 0
-59.0985 0
-59.0885 0
-59.0785 0
-59.0685 0
-59.0585 0
-59.0485 0
-59.0385 0
-59.0285 0
-59.0185 0
-59.0085 0
-58.9985 0
-58.9885 0
-58.9785 0
-58.9685 0
-58.9585 0
-58.9485 0
-58.9385 0
-58.9285 0
-58.9185 0
-58.9085 0
-58.8985 0
-58.8885 0
-58.8785 0
-58.8685 0
-58.8585 0
-58.8485 0
-58.8385 0
-58.8285 0
-58.8185 0
-58.8085 0
-58.7985 0
-58.7885 0
-58.7785 0
-58.7685 0
-58.7585 0
-58.7485 0
-58.7385 0
-58.7285 0
-58.7185 0
-58.7085 0
-58.6985 0
-58.6885 0
-58.6785 0
-58.6685 0
-58.6585 0
-58.6485 0
-58.6385 0
-58.6285 0
-58.6185 0
-58.6085 0
-58.5985 0
-58.5885 0
-58.5785 0
-58.5685 0
-58.5585 0
-58.5485 0
-58.5385 0
-58.5285 0
-58.5185 0
-58.5085 0
-58.4985 0
-58.4885 0
-58.4785 0
-58.4685 0
-58.4585 0
-58.4485 0
-58.4385 0
-58.4285 0
-58.4185 0
-58.4085 0
-58.3985 0
-58.3885 0
-58.3785 0
-58.3685 0
-58.3585 0
-58.3485 0
-58.3385 0
-58.3285 0
-58.3185 0
-58.3085 0
-58.2985 0
-58.2885 0
-58.2785 0
-58.2685 0
-58.2585 0
-58.2485 0
-58.2385 0
-58.2285 0
-58.2185 0
-58.2085 0
-58.1985 0
-58.1885 0
-58.1785 0
-58.1685 0
-58.1585 0
-58.1485 0
-58.1385 0
-58.1285 0
-58.1185 0
-58.1085 0
-58.0985 0
-58.0885 0
-58.0785 0
-58.0685 0
-58.0585 0
-58.0485 0
-58.0385 0
-58.0285 0
-58.0185 0
-58.0085 0
-57.9985 0
-57.9885 0
-57.9785 0
-57.9685 0
-57.9585 0
-57.9485 0
-57.9385 0
-57.9285 0
-57.9185 0
-57.9085 0
-57.8985 0
-57.8885 0
-57.8785 0
-57.8685 0
-57.8585 0
-57.8485 0
-57.8385 0
-57.8285 0
-57.8185 0
-57.8085 0
-57.7985 0
-57.7885 0
-57.7785 0
-57.7685 0
-57.7585 0
-57.7485 0
-57.7385 0
-57.7285 0
-57.7185 0
-57.7085 0
-57.6985 0
-57.6885 0
-57.6785 0
-57.6685 0
-57.6585 0
-57.6485 0
-57.6385 0
-57.6285 0
-57.6185 0
-57.6085 0
-57.5985 0
-57.5885 0
-57.5785 0
-57.5685 0
-57.5585 0
-57.5485 0
-57.5385 0
-57.5285 0
-57.5185 0
-57.5085 0
-57.4985 0
-57.4885 0
-57.4785 0
-57.4685 0
-57.4585 0
-57.4485 0
-57.4385 0
-57.4285 0
-57.4185 0
-57.4085 0
-57.3985 0
-57.3885 0
-57.3785 0
-57.3685 0
-57.3585 0
-57.3485 0
-57.3385 0
-57.3285 0
-57.3185 0
-57.3085 0
-57.2985 0
-57.2885 0
-57.2785 0
-57.2685 0
-57.2585 0
-57.2485 0
-57.2385 0
-57.2285 0
-57.2185 0
-57.2085 0
-57.1985 0
-57.1885 0
-57.1785 0
-57.1685 0
-57.1585 0
-57.1485 0
-57.1385 0
-57.1285 0
-57.1185 0
-57.1085 0
-57.0985 0
-57.0885 0
-57.0785 0
-57.0685 0
-57.0585 0
-57.0485 0
-57.0385 0
-57.0285 0
-57.0185 0
-57.0085 0
-56.9985 0
-56.9885 0
-56.9785 0
-56.9685 0
-56.9585 0
-56.9485 0
-56.9385 0
-56.9285 0
-56.9185 0
-56.9085 0
-56.8985 0
-56.8885 0
-56.8785 0
-56.8685 0
-56.8585 0
-56.8485 0
-56.8385 0
-56.8285 0
-56.8185 0
-56.8085 0
-56.7985 0
-56.7885 0
-56.7785 0
-56.7685 0
-56.7585 0
-56.7485 0
-56.7385 0
-56.7285 0
-56.7185 0
-56.7085 0
-56.6985 0
-56.6885 0
-56.6785 0
-56.6685 0
-56.6585 0
-56.6485 0
-56.6385 0
-56.6285 0
-56.6185 0
-56.6085 0
-56.5985 0
-56.5885 0
-56.5785 0
-56.5685 0
-56.5585 0
-56.5485 0
-56.5385 0
-56.5285 0
-56.5185 0
-56.5085 0
-56.4985 0
-56.4885 0
-56.4785 0
-56.4685 0
-56.4585 0
-56.4485 0
-56.4385 0
-56.4285 0
-56.4185 0
-56.4085 0
-56.3985 0
-56.3885 0
-56.3785 0
-56.3685 0
-56.3585 0
-56.3485 0
-56.3385 0
-56.3285 0
-56.3185 0
-56.3085 0
-56.2985 0
-56.2885 0
-56.2785 0
-56.2685 0
-56.2585 0
-56.2485 0
-56.2385 0
-56.2285 0
-56.2185 0
-56.2085 0
-56.1985 0
-56.1885 0
-56.1785 0
-56.1685 0
-56.1585 0
-56.1485 0
-56.1385 0
-56.1285 0
-56.1185 0
-56.1085 0
-56.0985 0
-56.0885 0
-56.0785 0
-56.0685 0
-56.0585 0
-56.0485 0
-56.0385 0
-56.0285 0
-56.0185 0
-56.0085 0
-55.9985 0
-55.9885 0
-55.9785 0
-55.9685 0
-55.9585 0
-55.9485 0
-55.9385 0
-55.9285 0
-55.9185 0
-55.9085 0
-55.8985 0
-55.8885 0
-55.8785 0
-55.8685 0
-55.8585 0
-55.8485 0
-55.8385 0
-55.8285 0
-55.8185 0
-55.8085 0
-55.7985 0
-55.7885 0
-55.7785 0
-55.7685 0
-55.7585 0
-55.7485 0
-55.7385 0
-55.7285 0
-55.7185 0
-55.7085 0
-55.6985 0
-55.6885 0
-55.6785 0
-55.6685 0
-55.6585 0
-55.6485 0
-55.6385 0
-55.6285 0
-55.6185 0
-55.6085 0
-55.5985 0
-55.5885 0
-55.5785 0
-55.5685 0
-55.5585 0
-55.5485 0
-55.5385 0
-55.5285 0
-55.5185 0
-55.5085 0
-55.4985 0
-55.4885 0
-55.4785 0
-55.4685 0
-55.4585 0
-55.4485 0
-55.4385 0
-55.4285 0
-55.4185 0
-55.4085 0
-55.3985 0
-55.3885 0
-55.3785 0
-55.3685 0
-55.3585 0
-55.3485 0
-55.3385 0
-55.3285 0
-55.3185 0
-55.3085 0
-55.2985 0
-55.2885 0
-55.2785 0
-55.2685 0
-55.2585 0
-55.2485 0
-55.2385 0
-55.2285 0
-55.2185 0
-55.2085 0
-55.1985 0
-55.1885 0
-55.1785 0
-55.1685 0
-55.1585 0
-55.1485 0
-55.1385 0
-55.1285 0
-55.1185 0
-55.1085 0
-55.0985 0
-55.0885 0
-55.0785 0
-55.0685 0
-55.0585 0
-55.0485 0
-55.0385 0
-55.0285 0
-55.0185 0
-55.0085 0
-54.9985 0
-54.9885 0
-54.9785 0
-54.9685 0
-54.9585 0
-54.9485 0
-54.9385 0
-54.9285 0
-54.9185 0
-54.9085 0
-54.8985 0
-54.8885 0
-54.8785 0
-54.8685 0
-54.8585 0
-54.8485 0
-54.8385 0
-54.8285 0
-54.8185 0
-54.8085 0
-54.7985 0
-54.7885 0
-54.7785 0
-54.7685 0
-54.7585 0
-54.7485 0
-54.7385 0
-54.7285 0
-54.7185 0
-54.7085 0
-54.6985 0
-54.6885 0
-54.6785 0
-54.6685 0
-54.6585 0
-54.6485 0
-54.6385 0
-54.6285 0
-54.6185 0
-54.6085 0
-54.5985 0
-54.5885 0
-54.5785 0
-54.5685 0
-54.5585 0
-54.5485 0
-54.5385 0
-54.5285 0
-54.5185 0
-54.5085 0
-54.4985 0
-54.4885 0
-54.4785 0
-54.4685 0
-54.4585 0
-54.4485 0
-54.4385 0
-54.4285 0
-54.4185 0
-54.4085 0
-54.3985 0
-54.3885 0
-54.3785 0
-54.3685 0
-54.3585 0
-54.3485 0
-54.3385 0
-54.3285 0
-54.3185 0
-54.3085 0
-54.2985 0
-54.2885 0
-54.2785 0
-54.2685 0
-54.2585 0
-54.2485 0
-54.2385 0
-54.2285 0
-54.2185 0
-54.2085 0
-54.1985 0
-54.1885 0
-54.1785 0
-54.1685 0
-54.1585 0
-54.1485 0
-54.1385 0
-54.1285 0
-54.1185 0
-54.1085 0
-54.0985 0
-54.0885 0
-54.0785 0
-54.0685 0
-54.0585 0
-54.0485 0
-54.0385 0
-54.0285 0
-54.0185 0
-54.0085 0
-53.9985 0
-53.9885 0
-53.9785 0
-53.9685 0
-53.9585 0
-53.9485 0
-53.9385 0
-53.9285 0
-53.9185 0
-53.9085 0
-53.8985 0
-53.8885 0
-53.8785 0
-53.8685 0
-53.8585 0
-53.8485 0
-53.8385 0
-53.8285 0
-53.8185 0
-53.8085 0
-53.7985 0
-53.7885 0
-53.7785 0
-53.7685 0
-53.7585 0
-53.7485 0
-53.7385 0
-53.7285 0
-53.7185 0
-53.7085 0
-53.6985 0
-53.6885 0
-53.6785 0
-53.6685 0
-53.6585 0
-53.6485 0
-53.6385 0
-53.6285 0
-53.6185 0
-53.6085 0
-53.5985 0
-53.5885 0
-53.5785 0
-53.5685 0
-53.5585 0
-53.5485 0
-53.5385 0
-53.5285 0
-53.5185 0
-53.5085 0
-53.4985 0
-53.4885 0
-53.4785 0
-53.4685 0
-53.4585 0
-53.4485 0
-53.4385 0
-53.4285 0
-53.4185 0
-53.4085 0
-53.3985 0
-53.3885 0
-53.3785 0
-53.3685 0
-53.3585 0
-53.3485 0
-53.3385 0
-53.3285 0
-53.3185 0
-53.3085 0
-53.2985 0
-53.2885 0
-53.2785 0
-53.2685 0
-53.2585 0
-53.2485 0
-53.2385 0
-53.2285 0
-53.2185 0
-53.2085 0
-53.1985 0
-53.1885 0
-53.1785 0
-53.1685 0
-53.1585 0
-53.1485 0
-53.1385 0
-53.1285 0
-53.1185 0
-53.1085 0
-53.0985 0
-53.0885 0
-53.0785 0
-53.0685 0
-53.0585 0
-53.0485 0
-53.0385 0
-53.0285 0
-53.0185 0
-53.0085 0
-52.9985 0
-52.9885 0
-52.9785 0
-52.9685 0
-52.9585 0
-52.9485 0
-52.9385 0
-52.9285 0
-52.9185 0
-52.9085 0
-52.8985 0
-52.8885 0
-52.8785 0
-52.8685 0
-52.8585 0
-52.8485 0
-52.8385 0
-52.8285 0
-52.8185 0
-52.8085 0
-52.7985 0
-52.7885 0
-52.7785 0
-52.7685 0
-52.7585 0
-52.7485 0
-52.7385 0
-52.7285 0
-52.7185 0
-52.7085 0
-52.6985 0
-52.6885 0
-52.6785 0
-52.6685 0
-52.6585 0
-52.6485 0
-52.6385 0
-52.6285 0
-52.6185 0
-52.6085 0
-52.5985 0
-52.5885 0
-52.5785 0
-52.5685 0
-52.5585 0
-52.5485 0
-52.5385 0
-52.5285 0
-52.5185 0
-52.5085 0
-52.4985 0
-52.4885 0
-52.4785 0
-52.4685 0
-52.4585 0
-52.4485 0
-52.4385 0
-52.4285 0
-52.4185 0
-52.4085 0
-52.3985 0
-52.3885 0
-52.3785 0
-52.3685 0
-52.3585 0
-52.3485 0
-52.3385 0
-52.3285 0
-52.3185 0
-52.3085 0
-52.2985 0
-52.2885 0
-52.2785 0
-52.2685 0
-52.2585 0
-52.2485 0
-52.2385 0
-52.2285 0
-52.2185 0
-52.2085 0
-52.1985 0
-52.1885 0
-52.1785 0
-52.1685 0
-52.1585 0
-52.1485 0
-52.1385 0
-52.1285 0
-52.1185 0
-52.1085 0
-52.0985 0
-52.0885 0
-52.0785 0
-52.0685 0
-52.0585 0
-52.0485 0
-52.0385 0
-52.0285 0
-52.0185 0
-52.0085 0
-51.9985 0
-51.9885 0
-51.9785 0
-51.9685 0
-51.9585 0
-51.9485 0
-51.9385 0
-51.9285 0
-51.9185 0
-51.9085 0
-51.8985 0
-51.8885 0
-51.8785 0
-51.8685 0
-51.8585 0
-51.8485 0
-51.8385 0
-51.8285 0
-51.8185 0
-51.8085 0
-51.7985 0
-51.7885 0
-51.7785 0
-51.7685 0
-51.7585 0
-51.7485 0
-51.7385 0
-51.7285 0
-51.7185 0
-51.7085 0
-51.6985 0
-51.6885 0
-51.6785 0
-51.6685 0
-51.6585 0
-51.6485 0
-51.6385 0
-51.6285 0
-51.6185 0
-51.6085 0
-51.5985 0
-51.5885 0
-51.5785 0
-51.5685 0
-51.5585 0
-51.5485 0
-51.5385 0
-51.5285 0
-51.5185 0
-51.5085 0
-51.4985 0
-51.4885 0
-51.4785 0
-51.4685 0
-51.4585 0
-51.4485 0
-51.4385 0
-51.4285 0
-51.4185 0
-51.4085 0
-51.3985 0
-51.3885 0
-51.3785 0
-51.3685 0
-51.3585 0
-51.3485 0
-51.3385 0
-51.3285 0
-51.3185 0
-51.3085 0
-51.2985 0
-51.2885 0
-51.2785 0
-51.2685 0
-51.2585 0
-51.2485 0
-51.2385 0
-51.2285 0
-51.2185 0
-51.2085 0
-51.1985 0
-51.1885 0
-51.1785 0
-51.1685 0
-51.1585 0
-51.1485 0
-51.1385 0
-51.1285 0
-51.1185 0
-51.1085 0
-51.0985 0
-51.0885 0
-51.0785 0
-51.0685 0
-51.0585 0
-51.0485 0
-51.0385 0
-51.0285 0
-51.0185 0
-51.0085 0
-50.9985 0
-50.9885 0
-50.9785 0
-50.9685 0
-50.9585 0
-50.9485 0
-50.9385 0
-50.9285 0
-50.9185 0
-50.9085 0
-50.8985 0
-50.8885 0
-50.8785 0
-50.8685 0
-50.8585 0
-50.8485 0
-50.8385 0
-50.8285 0
-50.8185 0
-50.8085 0
-50.7985 0
-50.7885 0
-50.7785 0
-50.7685 0
-50.7585 0
-50.7485 0
-50.7385 0
-50.7285 0
-50.7185 0
-50.7085 0
-50.6985 0
-50.6885 0
-50.6785 0
-50.6685 0
-50.6585 0
-50.6485 0
-50.6385 0
-50.6285 0
-50.6185 0
-50.6085 0
-50.5985 0
-50.5885 0
-50.5785 0
-50.5685 0
-50.5585 0
-50.5485 0
-50.5385 0
-50.5285 0
-50.5185 0
-50.5085 0
-50.4985 0
-50.4885 0
-50.4785 0
-50.4685 0
-50.4585 0
-50.4485 0
-50.4385 0
-50.4285 0
-50.4185 0
-50.4085 0
-50.3985 0
-50.3885 0
-50.3785 0
-50.3685 0
-50.3585 0
-50.3485 0
-50.3385 0
-50.3285 0
-50.3185 0
-50.3085 0
-50.2985 0
-50.2885 0
-50.2785 0
-50.2685 0
-50.2585 0
-50.2485 0
-50.2385 0
-50.2285 0
-50.2185 0
-50.2085 0
-50.1985 0
-50.1885 0
-50.1785 0
-50.1685 0
-50.1585 0
-50.1485 0
-50.1385 0
-50.1285 0
-50.1185 0
-50.1085 0
-50.0985 0
-50.0885 0
-50.0785 0
-50.0685 0
-50.0585 0
-50.0485 0
-50.0385 0
-50.0285 0
-50.0185 0
-50.0085 0
-49.9985 0
-49.9885 0
-49.9785 0
-49.9685 0
-49.9585 0
-49.9485 0
-49.9385 0
-49.9285 0
-49.9185 0
-49.9085 0
-49.8985 0
-49.8885 0
-49.8785 0
-49.8685 0
-49.8585 0
-49.8485 0
-49.8385 0
-49.8285 0
-49.8185 0
-49.8085 0
-49.7985 0
-49.7885 0
-49.7785 0
-49.7685 0
-49.7585 0
-49.7485 0
-49.7385 0
-49.7285 0
-49.7185 0
-49.7085 0
-49.6985 0
-49.6885 0
-49.6785 0
-49.6685 0
-49.6585 0
-49.6485 0
-49.6385 0
-49.6285 0
-49.6185 0
-49.6085 0
-49.5985 0
-49.5885 0
-49.5785 0
-49.5685 0
-49.5585 0
-49.5485 0
-49.5385 0
-49.5285 0
-49.5185 0
-49.5085 0
-49.4985 0
-49.4885 0
-49.4785 0
-49.4685 0
-49.4585 0
-49.4485 0
-49.4385 0
-49.4285 0
-49.4185 0
-49.4085 0
-49.3985 0
-49.3885 0
-49.3785 0
-49.3685 0
-49.3585 0
-49.3485 0
-49.3385 0
-49.3285 0
-49.3185 0
-49.3085 0
-49.2985 0
-49.2885 0
-49.2785 0
-49.2685 0
-49.2585 0
-49.2485 0
-49.2385 0
-49.2285 0
-49.2185 0
-49.2085 0
-49.1985 0
-49.1885 0
-49.1785 0
-49.1685 0
-49.1585 0
-49.1485 0
-49.1385 0
-49.1285 0
-49.1185 0
-49.1085 0
-49.0985 0
-49.0885 0
-49.0785 0
-49.0685 0
-49.0585 0
-49.0485 0
-49.0385 0
-49.0285 0
-49.0185 0
-49.0085 0
-48.9985 0
-48.9885 0
-48.9785 0
-48.9685 0
-48.9585 0
-48.9485 0
-48.9385 0
-48.9285 0
-48.9185 0
-48.9085 0
-48.8985 0
-48.8885 0
-48.8785 0
-48.8685 0
-48.8585 0
-48.8485 0
-48.8385 0
-48.8285 0
-48.8185 0
-48.8085 0
-48.7985 0
-48.7885 0
-48.7785 0
-48.7685 0
-48.7585 0
-48.7485 0
-48.7385 0
-48.7285 0
-48.7185 0
-48.7085 0
-48.6985 0
-48.6885 0
-48.6785 0
-48.6685 0
-48.6585 0
-48.6485 0
-48.6385 0
-48.6285 0
-48.6185 0
-48.6085 0
-48.5985 0
-48.5885 0
-48.5785 0
-48.5685 0
-48.5585 0
-48.5485 0
-48.5385 0
-48.5285 0
-48.5185 0
-48.5085 0
-48.4985 0
-48.4885 0
-48.4785 0
-48.4685 0
-48.4585 0
-48.4485 0
-48.4385 0
-48.4285 0
-48.4185 0
-48.4085 0
-48.3985 0
-48.3885 0
-48.3785 0
-48.3685 0
-48.3585 0
-48.3485 0
-48.3385 0
-48.3285 0
-48.3185 0
-48.3085 0
-48.2985 0
-48.2885 0
-48.2785 0
-48.2685 0
-48.2585 0
-48.2485 0
-48.2385 0
-48.2285 0
-48.2185 0
-48.2085 0
-48.1985 0
-48.1885 0
-48.1785 0
-48.1685 0
-48.1585 0
-48.1485 0
-48.1385 0
-48.1285 0
-48.1185 0
-48.1085 0
-48.0985 0
-48.0885 0
-48.0785 0
-48.0685 0
-48.0585 0
-48.0485 0
-48.0385 0
-48.0285 0
-48.0185 0
-48.0085 0
-47.9985 0
-47.9885 0
-47.9785 0
-47.9685 0
-47.9585 0
-47.9485 0
-47.9385 0
-47.9285 0
-47.9185 0
-47.9085 0
-47.8985 0
-47.8885 0
-47.8785 0
-47.8685 0
-47.8585 0
-47.8485 0
-47.8385 0
-47.8285 0
-47.8185 0
-47.8085 0
-47.7985 0
-47.7885 0
-47.7785 0
-47.7685 0
-47.7585 0
-47.7485 0
-47.7385 0
-47.7285 0
-47.7185 0
-47.7085 0
-47.6985 0
-47.6885 0
-47.6785 0
-47.6685 0
-47.6585 0
-47.6485 0
-47.6385 0
-47.6285 0
-47.6185 0
-47.6085 0
-47.5985 0
-47.5885 0
-47.5785 0
-47.5685 0
-47.5585 0
-47.5485 0
-47.5385 0
-47.5285 0
-47.5185 0
-47.5085 0
-47.4985 0
-47.4885 0
-47.4785 0
-47.4685 0
-47.4585 0
-47.4485 0
-47.4385 0
-47.4285 0
-47.4185 0
-47.4085 0
-47.3985 0
-47.3885 0
-47.3785 0
-47.3685 0
-47.3585 0
-47.3485 0
-47.3385 0
-47.3285 0
-47.3185 0
-47.3085 0
-47.2985 0
-47.2885 0
-47.2785 0
-47.2685 0
-47.2585 0
-47.2485 0
-47.2385 0
-47.2285 0
-47.2185 0
-47.2085 0
-47.1985 0
-47.1885 0
-47.1785 0
-47.1685 0
-47.1585 0
-47.1485 0
-47.1385 0
-47.1285 0
-47.1185 0
-47.1085 0
-47.0985 0
-47.0885 0
-47.0785 0
-47.0685 0
-47.0585 0
-47.0485 0
-47.0385 0
-47.0285 0
-47.0185 0
-47.0085 0
-46.9985 0
-46.9885 0
-46.9785 0
-46.9685 0
-46.9585 0
-46.9485 0
-46.9385 0
-46.9285 0
-46.9185 0
-46.9085 0
-46.8985 0
-46.8885 0
-46.8785 0
-46.8685 0
-46.8585 0
-46.8485 0
-46.8385 0
-46.8285 0
-46.8185 0
-46.8085 0
-46.7985 0
-46.7885 0
-46.7785 0
-46.7685 0
-46.7585 0
-46.7485 0
-46.7385 0
-46.7285 0
-46.7185 0
-46.7085 0
-46.6985 0
-46.6885 0
-46.6785 0
-46.6685 0
-46.6585 0
-46.6485 0
-46.6385 0
-46.6285 0
-46.6185 0
-46.6085 0
-46.5985 0
-46.5885 0
-46.5785 0
-46.5685 0
-46.5585 0
-46.5485 0
-46.5385 0
-46.5285 0
-46.5185 0
-46.5085 0
-46.4985 0
-46.4885 0
-46.4785 0
-46.4685 0
-46.4585 0
-46.4485 0
-46.4385 0
-46.4285 0
-46.4185 0
-46.4085 0
-46.3985 0
-46.3885 0
-46.3785 0
-46.3685 0
-46.3585 0
-46.3485 0
-46.3385 0
-46.3285 0
-46.3185 0
-46.3085 0
-46.2985 0
-46.2885 0
-46.2785 0
-46.2685 0
-46.2585 0
-46.2485 0
-46.2385 0
-46.2285 0
-46.2185 0
-46.2085 0
-46.1985 0
-46.1885 0
-46.1785 0
-46.1685 0
-46.1585 0
-46.1485 0
-46.1385 0
-46.1285 0
-46.1185 0
-46.1085 0
-46.0985 0
-46.0885 0
-46.0785 0
-46.0685 0
-46.0585 0
-46.0485 0
-46.0385 0
-46.0285 0
-46.0185 0
-46.0085 0
-45.9985 0
-45.9885 0
-45.9785 0
-45.9685 0
-45.9585 0
-45.9485 0
-45.9385 0
-45.9285 0
-45.9185 0
-45.9085 0
-45.8985 0
-45.8885 0
-45.8785 0
-45.8685 0
-45.8585 0
-45.8485 0
-45.8385 0
-45.8285 0
-45.8185 0
-45.8085 0
-45.7985 0
-45.7885 0
-45.7785 0
-45.7685 0
-45.7585 0
-45.7485 0
-45.7385 0
-45.7285 0
-45.7185 0
-45.7085 0
-45.6985 0
-45.6885 0
-45.6785 0
-45.6685 0
-45.6585 0
-45.6485 0
-45.6385 0
-45.6285 0
-45.6185 0
-45.6085 0
-45.5985 0
-45.5885 0
-45.5785 0
-45.5685 0
-45.5585 0
-45.5485 0
-45.5385 0
-45.5285 0
-45.5185 0
-45.5085 0
-45.4985 0
-45.4885 0
-45.4785 0
-45.4685 0
-45.4585 0
-45.4485 0
-45.4385 0
-45.4285 0
-45.4185 0
-45.4085 0
-45.3985 0
-45.3885 0
-45.3785 0
-45.3685 0
-45.3585 0
-45.3485 0
-45.3385 0
-45.3285 0
-45.3185 0
-45.3085 0
-45.2985 0
-45.2885 0
-45.2785 0
-45.2685 0
-45.2585 0
-45.2485 0
-45.2385 0
-45.2285 0
-45.2185 0
-45.2085 0
-45.1985 0
-45.1885 0
-45.1785 0
-45.1685 0
-45.1585 0
-45.1485 0
-45.1385 0
-45.1285 0
-45.1185 0
-45.1085 0
-45.0985 0
-45.0885 0
-45.0785 0
-45.0685 0
-45.0585 0
-45.0485 0
-45.0385 0
-45.0285 0
-45.0185 0
-45.0085 0
-44.9985 0
-44.9885 0
-44.9785 0
-44.9685 0
-44.9585 0
-44.9485 0
-44.9385 0
-44.9285 0
-44.9185 0
-44.9085 0
-44.8985 0
-44.8885 0
-44.8785 0
-44.8685 0
-44.8585 0
-44.8485 0
-44.8385 0
-44.8285 0
-44.8185 0
-44.8085 0
-44.7985 0
-44.7885 0
-44.7785 0
-44.7685 0
-44.7585 0
-44.7485 0
-44.7385 0
-44.7285 0
-44.7185 0
-44.7085 0
-44.6985 0
-44.6885 0
-44.6785 0
-44.6685 0
-44.6585 0
-44.6485 0
-44.6385 0
-44.6285 0
-44.6185 0
-44.6085 0
-44.5985 0
-44.5885 0
-44.5785 0
-44.5685 0
-44.5585 0
-44.5485 0
-44.5385 0
-44.5285 0
-44.5185 0
-44.5085 0
-44.4985 0
-44.4885 0
-44.4785 0
-44.4685 0
-44.4585 0
-44.4485 0
-44.4385 0
-44.4285 0
-44.4185 0
-44.4085 0
-44.3985 0
-44.3885 0
-44.3785 0
-44.3685 0
-44.3585 0
-44.3485 0
-44.3385 0
-44.3285 0
-44.3185 0
-44.3085 0
-44.2985 0
-44.2885 0
-44.2785 0
-44.2685 0
-44.2585 0
-44.2485 0
-44.2385 0
-44.2285 0
-44.2185 0
-44.2085 0
-44.1985 0
-44.1885 0
-44.1785 0
-44.1685 0
-44.1585 0
-44.1485 0
-44.1385 0
-44.1285 0
-44.1185 0
-44.1085 0
-44.0985 0
-44.0885 0
-44.0785 0
-44.0685 0
-44.0585 0
-44.0485 0
-44.0385 0
-44.0285 0
-44.0185 0
-44.0085 0
-43.9985 0
-43.9885 0
-43.9785 0
-43.9685 0
-43.9585 0
-43.9485 0
-43.9385 0
-43.9285 0
-43.9185 0
-43.9085 0
-43.8985 0
-43.8885 0
-43.8785 0
-43.8685 0
-43.8585 0
-43.8485 0
-43.8385 0
-43.8285 0
-43.8185 0
-43.8085 0
-43.7985 0
-43.7885 0
-43.7785 0
-43.7685 0
-43.7585 0
-43.7485 0
-43.7385 0
-43.7285 0
-43.7185 0
-43.7085 0
-43.6985 0
-43.6885 0
-43.6785 0
-43.6685 0
-43.6585 0
-43.6485 0
-43.6385 0
-43.6285 0
-43.6185 0
-43.6085 0
-43.5985 0
-43.5885 0
-43.5785 0
-43.5685 0
-43.5585 0
-43.5485 0
-43.5385 0
-43.5285 0
-43.5185 0
-43.5085 0
-43.4985 0
-43.4885 0
-43.4785 0
-43.4685 0
-43.4585 0
-43.4485 0
-43.4385 0
-43.4285 0
-43.4185 0
-43.4085 0
-43.3985 0
-43.3885 0
-43.3785 0
-43.3685 0
-43.3585 0
-43.3485 0
-43.3385 0
-43.3285 0
-43.3185 0
-43.3085 0
-43.2985 0
-43.2885 0
-43.2785 0
-43.2685 0
-43.2585 0
-43.2485 0
-43.2385 0
-43.2285 0
-43.2185 0
-43.2085 0
-43.1985 0
-43.1885 0
-43.1785 0
-43.1685 0
-43.1585 0
-43.1485 0
-43.1385 0
-43.1285 0
-43.1185 0
-43.1085 0
-43.0985 0
-43.0885 0
-43.0785 0
-43.0685 0
-43.0585 0
-43.0485 0
-43.0385 0
-43.0285 0
-43.0185 0
-43.0085 0
-42.9985 0
-42.9885 0
-42.9785 0
-42.9685 0
-42.9585 0
-42.9485 0
-42.9385 0
-42.9285 0
-42.9185 0
-42.9085 0
-42.8985 0
-42.8885 0
-42.8785 0
-42.8685 0
-42.8585 0
-42.8485 0
-42.8385 0
-42.8285 0
-42.8185 0
-42.8085 0
-42.7985 0
-42.7885 0
-42.7785 0
-42.7685 0
-42.7585 0
-42.7485 0
-42.7385 0
-42.7285 0
-42.7185 0
-42.7085 0
-42.6985 0
-42.6885 0
-42.6785 0
-42.6685 0
-42.6585 0
-42.6485 0
-42.6385 0
-42.6285 0
-42.6185 0
-42.6085 0
-42.5985 0
-42.5885 0
-42.5785 0
-42.5685 0
-42.5585 0
-42.5485 0
-42.5385 0
-42.5285 0
-42.5185 0
-42.5085 0
-42.4985 0
-42.4885 0
-42.4785 0
-42.4685 0
-42.4585 0
-42.4485 0
-42.4385 0
-42.4285 0
-42.4185 0
-42.4085 0
-42.3985 0
-42.3885 0
-42.3785 0
-42.3685 0
-42.3585 0
-42.3485 0
-42.3385 0
-42.3285 0
-42.3185 0
-42.3085 0
-42.2985 0
-42.2885 0
-42.2785 0
-42.2685 0
-42.2585 0
-42.2485 0
-42.2385 0
-42.2285 0
-42.2185 0
-42.2085 0
-42.1985 0
-42.1885 0
-42.1785 0
-42.1685 0
-42.1585 0
-42.1485 0
-42.1385 0
-42.1285 0
-42.1185 0
-42.1085 0
-42.0985 0
-42.0885 0
-42.0785 0
-42.0685 0
-42.0585 0
-42.0485 0
-42.0385 0
-42.0285 0
-42.0185 0
-42.0085 0
-41.9985 0
-41.9885 0
-41.9785 0
-41.9685 0
-41.9585 0
-41.9485 0
-41.9385 0
-41.9285 0
-41.9185 0
-41.9085 0
-41.8985 0
-41.8885 0
-41.8785 0
-41.8685 0
-41.8585 0
-41.8485 0
-41.8385 0
-41.8285 0
-41.8185 0
-41.8085 0
-41.7985 0
-41.7885 0
-41.7785 0
-41.7685 0
-41.7585 0
-41.7485 0
-41.7385 0
-41.7285 0
-41.7185 0
-41.7085 0
-41.6985 0
-41.6885 0
-41.6785 0
-41.6685 0
-41.6585 0
-41.6485 0
-41.6385 0
-41.6285 0
-41.6185 0
-41.6085 0
-41.5985 0
-41.5885 0
-41.5785 0
-41.5685 0
-41.5585 0
-41.5485 0
-41.5385 0
-41.5285 0
-41.5185 0
-41.5085 0
-41.4985 0
-41.4885 0
-41.4785 0
-41.4685 0
-41.4585 0
-41.4485 0
-41.4385 0
-41.4285 0
-41.4185 0
-41.4085 0
-41.3985 0
-41.3885 0
-41.3785 0
-41.3685 0
-41.3585 0
-41.3485 0
-41.3385 0
-41.3285 0
-41.3185 0
-41.3085 0
-41.2985 0
-41.2885 0
-41.2785 0
-41.2685 0
-41.2585 0
-41.2485 0
-41.2385 0
-41.2285 0
-41.2185 0
-41.2085 0
-41.1985 0
-41.1885 0
-41.1785 0
-41.1685 0
-41.1585 0
-41.1485 0
-41.1385 0
-41.1285 0
-41.1185 0
-41.1085 0
-41.0985 0
-41.0885 0
-41.0785 0
-41.0685 0
-41.0585 0
-41.0485 0
-41.0385 0
-41.0285 0
-41.0185 0
-41.0085 0
-40.9985 0
-40.9885 0
-40.9785 0
-40.9685 0
-40.9585 0
-40.9485 0
-40.9385 0
-40.9285 0
-40.9185 0
-40.9085 0
-40.8985 0
-40.8885 0
-40.8785 0
-40.8685 0
-40.8585 0
-40.8485 0
-40.8385 0
-40.8285 0
-40.8185 0
-40.8085 0
-40.7985 0
-40.7885 0
-40.7785 0
-40.7685 0
-40.7585 0
-40.7485 0
-40.7385 0
-40.7285 0
-40.7185 0
-40.7085 0
-40.6985 0
-40.6885 0
-40.6785 0
-40.6685 0
-40.6585 0
-40.6485 0
-40.6385 0
-40.6285 0
-40.6185 0
-40.6085 0
-40.5985 0
-40.5885 0
-40.5785 0
-40.5685 0
-40.5585 0
-40.5485 0
-40.5385 0
-40.5285 0
-40.5185 0
-40.5085 0
-40.4985 0
-40.4885 0
-40.4785 0
-40.4685 0
-40.4585 0
-40.4485 0
-40.4385 0
-40.4285 0
-40.4185 0
-40.4085 0
-40.3985 0
-40.3885 0
-40.3785 0
-40.3685 0
-40.3585 0
-40.3485 0
-40.3385 0
-40.3285 0
-40.3185 0
-40.3085 0
-40.2985 0
-40.2885 0
-40.2785 0
-40.2685 0
-40.2585 0
-40.2485 0
-40.2385 0
-40.2285 0
-40.2185 0
-40.2085 0
-40.1985 0
-40.1885 0
-40.1785 0
-40.1685 0
-40.1585 0
-40.1485 0
-40.1385 0
-40.1285 0
-40.1185 0
-40.1085 0
-40.0985 0
-40.0885 0
-40.0785 0
-40.0685 0
-40.0585 0
-40.0485 0
-40.0385 0
-40.0285 0
-40.0185 0
-40.0085 0
-39.9985 0
-39.9885 0
-39.9785 0
-39.9685 0
-39.9585 0
-39.9485 0
-39.9385 0
-39.9285 0
-39.9185 0
-39.9085 0
-39.8985 0
-39.8885 0
-39.8785 0
-39.8685 0
-39.8585 0
-39.8485 0
-39.8385 0
-39.8285 0
-39.8185 0
-39.8085 0
-39.7985 0
-39.7885 0
-39.7785 0
-39.7685 0
-39.7585 0
-39.7485 0
-39.7385 0
-39.7285 0
-39.7185 0
-39.7085 0
-39.6985 0
-39.6885 0
-39.6785 0
-39.6685 0
-39.6585 0
-39.6485 0
-39.6385 0
-39.6285 0
-39.6185 0
-39.6085 0
-39.5985 0
-39.5885 0
-39.5785 0
-39.5685 0
-39.5585 0
-39.5485 0
-39.5385 0
-39.5285 0
-39.5185 0
-39.5085 0
-39.4985 0
-39.4885 0
-39.4785 0
-39.4685 0
-39.4585 0
-39.4485 0
-39.4385 0
-39.4285 0
-39.4185 0
-39.4085 0
-39.3985 0
-39.3885 0
-39.3785 0
-39.3685 0
-39.3585 0
-39.3485 0
-39.3385 0
-39.3285 0
-39.3185 0
-39.3085 0
-39.2985 0
-39.2885 0
-39.2785 0
-39.2685 0
-39.2585 0
-39.2485 0
-39.2385 0
-39.2285 0
-39.2185 0
-39.2085 0
-39.1985 0
-39.1885 0
-39.1785 0
-39.1685 0
-39.1585 0
-39.1485 0
-39.1385 0
-39.1285 0
-39.1185 0
-39.1085 0
-39.0985 0
-39.0885 0
-39.0785 0
-39.0685 0
-39.0585 0
-39.0485 0
-39.0385 0
-39.0285 0
-39.0185 0
-39.0085 0
-38.9985 0
-38.9885 0
-38.9785 0
-38.9685 0
-38.9585 0
-38.9485 0
-38.9385 0
-38.9285 0
-38.9185 0
-38.9085 0
-38.8985 0
-38.8885 0
-38.8785 0
-38.8685 0
-38.8585 0
-38.8485 0
-38.8385 0
-38.8285 0
-38.8185 0
-38.8085 0
-38.7985 0
-38.7885 0
-38.7785 0
-38.7685 0
-38.7585 0
-38.7485 0
-38.7385 0
-38.7285 0
-38.7185 0
-38.7085 0
-38.6985 0
-38.6885 0
-38.6785 0
-38.6685 0
-38.6585 0
-38.6485 0
-38.6385 0
-38.6285 0
-38.6185 0
-38.6085 0
-38.5985 0
-38.5885 0
-38.5785 0
-38.5685 0
-38.5585 0
-38.5485 0
-38.5385 0
-38.5285 0
-38.5185 0
-38.5085 0
-38.4985 0
-38.4885 0
-38.4785 0
-38.4685 0
-38.4585 0
-38.4485 0
-38.4385 0
-38.4285 0
-38.4185 0
-38.4085 0
-38.3985 0
-38.3885 0
-38.3785 0
-38.3685 0
-38.3585 0
-38.3485 0
-38.3385 0
-38.3285 0
-38.3185 0
-38.3085 0
-38.2985 0
-38.2885 0
-38.2785 0
-38.2685 0
-38.2585 0
-38.2485 0
-38.2385 0
-38.2285 0
-38.2185 0
-38.2085 0
-38.1985 0
-38.1885 0
-38.1785 0
-38.1685 0
-38.1585 0
-38.1485 0
-38.1385 0
-38.1285 0
-38.1185 0
-38.1085 0
-38.0985 0
-38.0885 0
-38.0785 0
-38.0685 0
-38.0585 0
-38.0485 0
-38.0385 0
-38.0285 0
-38.0185 0
-38.0085 0
-37.9985 0
-37.9885 0
-37.9785 0
-37.9685 0
-37.9585 0
-37.9485 0
-37.9385 0
-37.9285 0
-37.9185 0
-37.9085 0
-37.8985 0
-37.8885 0
-37.8785 0
-37.8685 0
-37.8585 0
-37.8485 0
-37.8385 0
-37.8285 0
-37.8185 0
-37.8085 0
-37.7985 0
-37.7885 0
-37.7785 0
-37.7685 0
-37.7585 0
-37.7485 0
-37.7385 0
-37.7285 0
-37.7185 0
-37.7085 0
-37.6985 0
-37.6885 0
-37.6785 0
-37.6685 0
-37.6585 0
-37.6485 0
-37.6385 0
-37.6285 0
-37.6185 0
-37.6085 0
-37.5985 0
-37.5885 0
-37.5785 0
-37.5685 0
-37.5585 0
-37.5485 0
-37.5385 0
-37.5285 0
-37.5185 0
-37.5085 0
-37.4985 0
-37.4885 0
-37.4785 0
-37.4685 0
-37.4585 0
-37.4485 0
-37.4385 0
-37.4285 0
-37.4185 0
-37.4085 0
-37.3985 0
-37.3885 0
-37.3785 0
-37.3685 0
-37.3585 0
-37.3485 0
-37.3385 0
-37.3285 0
-37.3185 0
-37.3085 0
-37.2985 0
-37.2885 0
-37.2785 0
-37.2685 0
-37.2585 0
-37.2485 0
-37.2385 0
-37.2285 0
-37.2185 0
-37.2085 0
-37.1985 0
-37.1885 0
-37.1785 0
-37.1685 0
-37.1585 0
-37.1485 0
-37.1385 0
-37.1285 0
-37.1185 0
-37.1085 0
-37.0985 0
-37.0885 0
-37.0785 0
-37.0685 0
-37.0585 0
-37.0485 0
-37.0385 0
-37.0285 0
-37.0185 0
-37.0085 0
-36.9985 0
-36.9885 0
-36.9785 0
-36.9685 0
-36.9585 0
-36.9485 0
-36.9385 0
-36.9285 0
-36.9185 0
-36.9085 0
-36.8985 0
-36.8885 0
-36.8785 0
-36.8685 0
-36.8585 0
-36.8485 0
-36.8385 0
-36.8285 0
-36.8185 0
-36.8085 0
-36.7985 0
-36.7885 0
-36.7785 0
-36.7685 0
-36.7585 0
-36.7485 0
-36.7385 0
-36.7285 0
-36.7185 0
-36.7085 0
-36.6985 0
-36.6885 0
-36.6785 0
-36.6685 0
-36.6585 0
-36.6485 0
-36.6385 0
-36.6285 0
-36.6185 0
-36.6085 0
-36.5985 0
-36.5885 0
-36.5785 0
-36.5685 0
-36.5585 0
-36.5485 0
-36.5385 0
-36.5285 0
-36.5185 0
-36.5085 0
-36.4985 0
-36.4885 0
-36.4785 0
-36.4685 0
-36.4585 0
-36.4485 0
-36.4385 0
-36.4285 0
-36.4185 0
-36.4085 0
-36.3985 0
-36.3885 0
-36.3785 0
-36.3685 0
-36.3585 0
-36.3485 0
-36.3385 0
-36.3285 0
-36.3185 0
-36.3085 0
-36.2985 0
-36.2885 0
-36.2785 0
-36.2685 0
-36.2585 0
-36.2485 0
-36.2385 0
-36.2285 0
-36.2185 0
-36.2085 0
-36.1985 0
-36.1885 0
-36.1785 0
-36.1685 0
-36.1585 0
-36.1485 0
-36.1385 0
-36.1285 0
-36.1185 0
-36.1085 0
-36.0985 0
-36.0885 0
-36.0785 0
-36.0685 0
-36.0585 0
-36.0485 0
-36.0385 0
-36.0285 0
-36.0185 0
-36.0085 0
-35.9985 0
-35.9885 0
-35.9785 0
-35.9685 0
-35.9585 0
-35.9485 0
-35.9385 0
-35.9285 0
-35.9185 0
-35.9085 0
-35.8985 0
-35.8885 0
-35.8785 0
-35.8685 0
-35.8585 0
-35.8485 0
-35.8385 0
-35.8285 0
-35.8185 0
-35.8085 0
-35.7985 0
-35.7885 0
-35.7785 0
-35.7685 0
-35.7585 0
-35.7485 0
-35.7385 0
-35.7285 0
-35.7185 0
-35.7085 0
-35.6985 0
-35.6885 0
-35.6785 0
-35.6685 0
-35.6585 0
-35.6485 0
-35.6385 0
-35.6285 0
-35.6185 0
-35.6085 0
-35.5985 0
-35.5885 0
-35.5785 0
-35.5685 0
-35.5585 0
-35.5485 0
-35.5385 0
-35.5285 0
-35.5185 0
-35.5085 0
-35.4985 0
-35.4885 0
-35.4785 0
-35.4685 0
-35.4585 0
-35.4485 0
-35.4385 0
-35.4285 0
-35.4185 0
-35.4085 0
-35.3985 0
-35.3885 0
-35.3785 0
-35.3685 0
-35.3585 0
-35.3485 0
-35.3385 0
-35.3285 0
-35.3185 0
-35.3085 0
-35.2985 0
-35.2885 0
-35.2785 0
-35.2685 0
-35.2585 0
-35.2485 0
-35.2385 0
-35.2285 0
-35.2185 0
-35.2085 0
-35.1985 0
-35.1885 0
-35.1785 0
-35.1685 0
-35.1585 0
-35.1485 0
-35.1385 0
-35.1285 0
-35.1185 0
-35.1085 0
-35.0985 0
-35.0885 0
-35.0785 0
-35.0685 0
-35.0585 0
-35.0485 0
-35.0385 0
-35.0285 0.0234375
-35.0185 0.09375
-35.0085 0.09375
-34.9985 0
-34.9885 0.09375
-34.9785 0.09375
-34.9685 0.09375
-34.9585 0
-34.9485 0.140625
-34.9385 0.09375
-34.9285 0.1875
-34.9185 0
-34.9085 0.09375
-34.8985 0.140625
-34.8885 0
-34.8785 0
-34.8685 0.0078125
-34.8585 0.1875
-34.8485 0.09375
-34.8385 0.140625
-34.8285 0.046875
-34.8185 0.046875
-34.8085 0.234375
-34.7985 0.046875
-34.7885 0.1875
-34.7785 0.046875
-34.7685 0.375
-34.7585 0.140625
-34.7485 0.375
-34.7385 0.398438
-34.7285 0.28125
-34.7185 0
-34.7085 0
-34.6985 0.234375
-34.6885 0
-34.6785 0.140625
-34.6685 0
-34.6585 0
-34.6485 0
-34.6385 0.28125
-34.6285 0
-34.6185 0.09375
-34.6085 0
-34.5985 0.234375
-34.5885 0.210938
-34.5785 0.046875
-34.5685 0.140625
-34.5585 0
-34.5485 0.28125
-34.5385 0
-34.5285 0
-34.5185 0.234375
-34.5085 0
-34.4985 0.046875
-34.4885 0.09375
-34.4785 0.09375
-34.4685 0.046875
-34.4585 0.0625
-34.4485 0
-34.4385 0
-34.4285 0
-34.4185 0
-34.4085 0
-34.3985 0
-34.3885 0
-34.3785 0
-34.3685 0
-34.3585 0
-34.3485 0
-34.3385 0
-34.3285 0
-34.3185 0
-34.3085 0
-34.2985 0
-34.2885 0
-34.2785 0
-34.2685 0
-34.2585 0
-34.2485 0
-34.2385 0
-34.2285 0
-34.2185 0
-34.2085 0
-34.1985 0
-34.1885 0
-34.1785 0
-34.1685 0
-34.1585 0
-34.1485 0
-34.1385 0
-34.1285 0
-34.1185 0
-34.1085 0
-34.0985 0
-34.0885 0
-34.0785 0
-34.0685 0
-34.0585 0
-34.0485 0
-34.0385 0
-34.0285 0
-34.0185 0
-34.0085 0
-33.9985 0
-33.9885 0
-33.9785 0
-33.9685 0
-33.9585 0
-33.9485 0
-33.9385 0
-33.9285 0
-33.9185 0
-33.9085 0
-33.8985 0
-33.8885 0
-33.8785 0
-33.8685 0
-33.8585 0
-33.8485 0
-33.8385 0
-33.8285 0
-33.8185 0
-33.8085 0
-33.7985 0
-33.7885 0
-33.7785 0
-33.7685 0
-33.7585 0
-33.7485 0
-33.7385 0
-33.7285 0
-33.7185 0
-33.7085 0
-33.6985 0
-33.6885 0
-33.6785 0
-33.6685 0
-33.6585 0
-33.6485 0
-33.6385 0
-33.6285 0
-33.6185 0
-33.6085 0
-33.5985 0
-33.5885 0
-33.5785 0
-33.5685 0
-33.5585 0
-33.5485 0
-33.5385 0
-33.5285 0
-33.5185 0
-33.5085 0
-33.4985 0
-33.4885 0
-33.4785 0
-33.4685 0
-33.4585 0
-33.4485 0
-33.4385 0
-33.4285 0
-33.4185 0
-33.4085 0
-33.3985 0
-33.3885 0
-33.3785 0
-33.3685 0
-33.3585 0
-33.3485 0
-33.3385 0
-33.3285 0
-33.3185 0
-33.3085 0
-33.2985 0
-33.2885 0
-33.2785 0
-33.2685 0
-33.2585 0
-33.2485 0
-33.2385 0
-33.2285 0
-33.2185 0
-33.2085 0
-33.1985 0
-33.1885 0
-33.1785 0
-33.1685 0
-33.1585 0
-33.1485 0
-33.1385 0
-33.1285 0
-33.1185 0
-33.1085 0
-33.0985 0
-33.0885 0
-33.0785 0
-33.0685 0
-33.0585 0
-33.0485 0
-33.0385 0
-33.0285 0
-33.0185 0
-33.0085 0
-32.9985 0
-32.9885 0
-32.9785 0
-32.9685 0
-32.9585 0
-32.9485 0
-32.9385 0
-32.9285 0
-32.9185 0
-32.9085 0
-32.8985 0
-32.8885 0
-32.8785 0
-32.8685 0
-32.8585 0
-32.8485 0
-32.8385 0
-32.8285 0
-32.8185 0
-32.8085 0
-32.7985 0
-32.7885 0
-32.7785 0
-32.7685 0
-32.7585 0
-32.7485 0
-32.7385 0
-32.7285 0
-32.7185 0
-32.7085 0
-32.6985 0
-32.6885 0
-32.6785 0
-32.6685 0
-32.6585 0
-32.6485 0
-32.6385 0
-32.6285 0
-32.6185 0
-32.6085 0
-32.5985 0
-32.5885 0
-32.5785 0
-32.5685 0
-32.5585 0
-32.5485 0
-32.5385 0
-32.5285 0
-32.5185 0
-32.5085 0
-32.4985 0
-32.4885 0
-32.4785 0
-32.4685 0
-32.4585 0
-32.4485 0
-32.4385 0
-32.4285 0
-32.4185 0
-32.4085 0
-32.3985 0
-32.3885 0
-32.3785 0
-32.3685 0
-32.3585 0
-32.3485 0
-32.3385 0
-32.3285 0
-32.3185 0
-32.3085 0
-32.2985 0
-32.2885 0
-32.2785 0
-32.2685 0
-32.2585 0
-32.2485 0
-32.2385 0
-32.2285 0
-32.2185 0
-32.2085 0
-32.1985 0
-32.1885 0
-32.1785 0
-32.1685 0
-32.1585 0
-32.1485 0
-32.1385 0
-32.1285 0
-32.1185 0
-32.1085 0
-32.0985 0
-32.0885 0
-32.0785 0
-32.0685 0
-32.0585 0
-32.0485 0
-32.0385 0
-32.0285 0
-32.0185 0
-32.0085 0
-31.9985 0
-31.9885 0
-31.9785 0
-31.9685 0
-31.9585 0
-31.9485 0
-31.9385 0
-31.9285 0
-31.9185 0
-31.9085 0
-31.8985 0
-31.8885 0
-31.8785 0
-31.8685 0
-31.8585 0
-31.8485 0
-31.8385 0
-31.8285 0
-31.8185 0
-31.8085 0
-31.7985 0
-31.7885 0
-31.7785 0
-31.7685 0
-31.7585 0
-31.7485 0
-31.7385 0
-31.7285 0
-31.7185 0
-31.7085 0
-31.6985 0
-31.6885 0
-31.6785 0
-31.6685 0
-31.6585 0
-31.6485 0
-31.6385 0
-31.6285 0
-31.6185 0
-31.6085 0
-31.5985 0
-31.5885 0
-31.5785 0
-31.5685 0
-31.5585 0
-31.5485 0
-31.5385 0
-31.5285 0
-31.5185 0
-31.5085 0
-31.4985 0
-31.4885 0
-31.4785 0
-31.4685 0
-31.4585 0
-31.4485 0
-31.4385 0
-31.4285 0
-31.4185 0
-31.4085 0
-31.3985 0
-31.3885 0
-31.3785 0
-31.3685 0
-31.3585 0
-31.3485 0
-31.3385 0
-31.3285 0
-31.3185 0
-31.3085 0
-31.2985 0
-31.2885 0
-31.2785 0
-31.2685 0
-31.2585 0
-31.2485 0
-31.2385 0
-31.2285 0
-31.2185 0
-31.2085 0
-31.1985 0
-31.1885 0
-31.1785 0
-31.1685 0
-31.1585 0
-31.1485 0
-31.1385 0
-31.1285 0
-31.1185 0
-31.1085 0
-31.0985 0
-31.0885 0
-31.0785 0
-31.0685 0
-31.0585 0
-31.0485 0
-31.0385 0
-31.0285 0
-31.0185 0
-31.0085 0
-30.9985 0
-30.9885 0
-30.9785 0
-30.9685 0
-30.9585 0
-30.9485 0
-30.9385 0
-30.9285 0
-30.9185 0
-30.9085 0
-30.8985 0
-30.8885 0
-30.8785 0
-30.8685 0
-30.8585 0
-30.8485 0
-30.8385 0
-30.8285 0
-30.8185 0
-30.8085 0
-30.7985 0
-30.7885 0
-30.7785 0
-30.7685 0
-30.7585 0
-30.7485 0
-30.7385 0
-30.7285 0
-30.7185 0
-30.7085 0
-30.6985 0
-30.6885 0
-30.6785 0
-30.6685 0
-30.6585 0
-30.6485 0
-30.6385 0
-30.6285 0
-30.6185 0
-30.6085 0
-30.5985 0
-30.5885 0
-30.5785 0
-30.5685 0
-30.5585 0
-30.5485 0
-30.5385 0
-30.5285 0
-30.5185 0
-30.5085 0
-30.4985 0
-30.4885 0
-30.4785 0
-30.4685 0
-30.4585 0
-30.4485 0
-30.4385 0
-30.4285 0
-30.4185 0
-30.4085 0
-30.3985 0
-30.3885 0
-30.3785 0
-30.3685 0
-30.3585 0
-30.3485 0
-30.3385 0
-30.3285 0
-30.3185 0
-30.3085 0
-30.2985 0
-30.2885 0
-30.2785 0
-30.2685 0
-30.2585 0
-30.2485 0
-30.2385 0
-30.2285 0
-30.2185 0
-30.2085 0
-30.1985 0
-30.1885 0
-30.1785 0
-30.1685 0
-30.1585 0
-30.1485 0
-30.1385 0
-30.1285 0
-30.1185 0
-30.1085 0
-30.0985 0
-30.0885 0
-30.0785 0
-30.0685 0
-30.0585 0
-30.0485 0
-30.0385 0
-30.0285 0
-30.0185 0
-30.0085 0
-29.9985 0
-29.9885 0
-29.9785 0
-29.9685 0
-29.9585 0
-29.9485 0
-29.9385 0
-29.9285 0
-29.9185 0
-29.9085 0
-29.8985 0
-29.8885 0
-29.8785 0
-29.8685 0
-29.8585 0
-29.8485 0
-29.8385 0
-29.8285 0
-29.8185 0
-29.8085 0
-29.7985 0
-29.7885 0
-29.7785 0
-29.7685 0
-29.7585 0
-29.7485 0
-29.7385 0
-29.7285 0
-29.7185 0
-29.7085 0
-29.6985 0
-29.6885 0
-29.6785 0
-29.6685 0
-29.6585 0
-29.6485 0
-29.6385 0
-29.6285 0
-29.6185 0
-29.6085 0
-29.5985 0
-29.5885 0
-29.5785 0
-29.5685 0
-29.5585 0
-29.5485 0
-29.5385 0
-29.5285 0
-29.5185 0
-29.5085 0
-29.4985 0
-29.4885 0
-29.4785 0
-29.4685 0
-29.4585 0
-29.4485 0
-29.4385 0
-29.4285 0
-29.4185 0
-29.4085 0
-29.3985 0
-29.3885 0
-29.3785 0
-29.3685 0
-29.3585 0
-29.3485 0
-29.3385 0
-29.3285 0
-29.3185 0
-29.3085 0
-29.2985 0
-29.2885 0
-29.2785 0
-29.2685 0
-29.2585 0
-29.2485 0
-29.2385 0
-29.2285 0
-29.2185 0
-29.2085 0
-29.1985 0
-29.1885 0
-29.1785 0
-29.1685 0
-29.1585 0
-29.1485 0
-29.1385 0
-29.1285 0
-29.1185 0
-29.1085 0
-29.0985 0
-29.0885 0
-29.0785 0
-29.0685 0
-29.0585 0
-29.0485 0
-29.0385 0
-29.0285 0
-29.0185 0
-29.0085 0
-28.9985 0
-28.9885 0
-28.9785 0
-28.9685 0
-28.9585 0
-28.9485 0
-28.9385 0
-28.9285 0
-28.9185 0
-28.9085 0
-28.8985 0
-28.8885 0
-28.8785 0
-28.8685 0
-28.8585 0
-28.8485 0
-28.8385 0
-28.8285 0
-28.8185 0
-28.8085 0
-28.7985 0
-28.7885 0
-28.7785 0
-28.7685 0
-28.7585 0
-28.7485 0
-28.7385 0
-28.7285 0
-28.7185 0
-28.7085 0
-28.6985 0
-28.6885 0
-28.6785 0
-28.6685 0
-28.6585 0
-28.6485 0
-28.6385 0
-28.6285 0
-28.6185 0
-28.6085 0
-28.5985 0
-28.5885 0
-28.5785 0
-28.5685 0
-28.5585 0
-28.5485 0
-28.5385 0
-28.5285 0
-28.5185 0
-28.5085 0
-28.4985 0
-28.4885 0
-28.4785 0
-28.4685 0
-28.4585 0
-28.4485 0
-28.4385 0
-28.4285 0
-28.4185 0
-28.4085 0
-28.3985 0
-28.3885 0
-28.3785 0
-28.3685 0
-28.3585 0
-28.3485 0
-28.3385 0
-28.3285 0
-28.3185 0
-28.3085 0
-28.2985 0
-28.2885 0
-28.2785 0
-28.2685 0
-28.2585 0
-28.2485 0
-28.2385 0
-28.2285 0
-28.2185 0
-28.2085 0
-28.1985 0
-28.1885 0
-28.1785 0
-28.1685 0
-28.1585 0
-28.1485 0
-28.1385 0
-28.1285 0
-28.1185 0
-28.1085 0
-28.0985 0
-28.0885 0
-28.0785 0
-28.0685 0
-28.0585 0
-28.0485 0
-28.0385 0
-28.0285 0
-28.0185 0
-28.0085 0
-27.9985 0
-27.9885 0
-27.9785 0
-27.9685 0
-27.9585 0
-27.9485 0
-27.9385 0
-27.9285 0
-27.9185 0
-27.9085 0
-27.8985 0
-27.8885 0
-27.8785 0
-27.8685 0
-27.8585 0
-27.8485 0
-27.8385 0
-27.8285 0
-27.8185 0
-27.8085 0
-27.7985 0
-27.7885 0
-27.7785 0
-27.7685 0
-27.7585 0
-27.7485 0
-27.7385 0
-27.7285 0
-27.7185 0
-27.7085 0
-27.6985 0
-27.6885 0
-27.6785 0
-27.6685 0
-27.6585 0
-27.6485 0
-27.6385 0
-27.6285 0
-27.6185 0
-27.6085 0
-27.5985 0
-27.5885 0
-27.5785 0
-27.5685 0
-27.5585 0
-27.5485 0
-27.5385 0
-27.5285 0
-27.5185 0
-27.5085 0
-27.4985 0
-27.4885 0
-27.4785 0
-27.4685 0
-27.4585 0
-27.4485 0
-27.4385 0
-27.4285 0
-27.4185 0
-27.4085 0
-27.3985 0
-27.3885 0
-27.3785 0
-27.3685 0
-27.3585 0
-27.3485 0
-27.3385 0
-27.3285 0
-27.3185 0
-27.3085 0
-27.2985 0
-27.2885 0
-27.2785 0
-27.2685 0
-27.2585 0
-27.2485 0
-27.2385 0
-27.2285 0
-27.2185 0
-27.2085 0
-27.1985 0
-27.1885 0
-27.1785 0
-27.1685 0
-27.1585 0
-27.1485 0
-27.1385 0
-27.1285 0
-27.1185 0
-27.1085 0
-27.0985 0
-27.0885 0
-27.0785 0
-27.0685 0
-27.0585 0
-27.0485 0
-27.0385 0
-27.0285 0
-27.0185 0
-27.0085 0
-26.9985 0
-26.9885 0
-26.9785 0
-26.9685 0
-26.9585 0
-26.9485 0
-26.9385 0
-26.9285 0
-26.9185 0
-26.9085 0
-26.8985 0
-26.8885 0
-26.8785 0
-26.8685 0
-26.8585 0
-26.8485 0
-26.8385 0
-26.8285 0
-26.8185 0
-26.8085 0
-26.7985 0
-26.7885 0
-26.7785 0
-26.7685 0
-26.7585 0
-26.7485 0
-26.7385 0
-26.7285 0
-26.7185 0
-26.7085 0
-26.6985 0
-26.6885 0
-26.6785 0
-26.6685 0
-26.6585 0
-26.6485 0
-26.6385 0
-26.6285 0
-26.6185 0
-26.6085 0
-26.5985 0
-26.5885 0
-26.5785 0
-26.5685 0
-26.5585 0
-26.5485 0
-26.5385 0
-26.5285 0
-26.5185 0
-26.5085 0
-26.4985 0
-26.4885 0
-26.4785 0
-26.4685 0
-26.4585 0
-26.4485 0
-26.4385 0
-26.4285 0
-26.4185 0
-26.4085 0
-26.3985 0
-26.3885 0
-26.3785 0
-26.3685 0
-26.3585 0
-26.3485 0
-26.3385 0
-26.3285 0
-26.3185 0
-26.3085 0
-26.2985 0
-26.2885 0
-26.2785 0
-26.2685 0
-26.2585 0
-26.2485 0
-26.2385 0
-26.2285 0
-26.2185 0
-26.2085 0
-26.1985 0
-26.1885 0
-26.1785 0
-26.1685 0
-26.1585 0
-26.1485 0
-26.1385 0
-26.1285 0
-26.1185 0
-26.1085 0
-26.0985 0
-26.0885 0
-26.0785 0
-26.0685 0
-26.0585 0
-26.0485 0
-26.0385 0
-26.0285 0
-26.0185 0
-26.0085 0
-25.9985 0
-25.9885 0
-25.9785 0
-25.9685 0
-25.9585 0
-25.9485 0
-25.9385 0
-25.9285 0
-25.9185 0
-25.9085 0
-25.8985 0
-25.8885 0
-25.8785 0
-25.8685 0
-25.8585 0
-25.8485 0
-25.8385 0
-25.8285 0
-25.8185 0
-25.8085 0
-25.7985 0
-25.7885 0
-25.7785 0
-25.7685 0
-25.7585 0
-25.7485 0
-25.7385 0
-25.7285 0
-25.7185 0
-25.7085 0
-25.6985 0
-25.6885 0
-25.6785 0
-25.6685 0
-25.6585 0
-25.6485 0
-25.6385 0
-25.6285 0
-25.6185 0
-25.6085 0
-25.5985 0
-25.5885 0
-25.5785 0
-25.5685 0
-25.5585 0
-25.5485 0
-25.5385 0
-25.5285 0
-25.5185 0
-25.5085 0
-25.4985 0
-25.4885 0
-25.4785 0
-25.4685 0
-25.4585 0
-25.4485 0
-25.4385 0
-25.4285 0
-25.4185 0
-25.4085 0
-25.3985 0
-25.3885 0
-25.3785 0
-25.3685 0
-25.3585 0
-25.3485 0
-25.3385 0
-25.3285 0
-25.3185 0
-25.3085 0
-25.2985 0
-25.2885 0
-25.2785 0
-25.2685 0
-25.2585 0
-25.2485 0
-25.2385 0
-25.2285 0
-25.2185 0
-25.2085 0
-25.1985 0
-25.1885 0
-25.1785 0
-25.1685 0
-25.1585 0
-25.1485 0
-25.1385 0
-25.1285 0
-25.1185 0
-25.1085 0
-25.0985 0
-25.0885 0
-25.0785 0
-25.0685 0
-25.0585 0
-25.0485 0
-25.0385 0
-25.0285 0
-25.0185 0
-25.0085 0
-24.9985 0
-24.9885 0
-24.9785 0
-24.9685 0
-24.9585 0
-24.9485 0
-24.9385 0
-24.9285 0
-24.9185 0
-24.9085 0
-24.8985 0
-24.8885 0
-24.8785 0
-24.8685 0
-24.8585 0
-24.8485 0
-24.8385 0
-24.8285 0
-24.8185 0
-24.8085 0
-24.7985 0
-24.7885 0
-24.7785 0
-24.7685 0
-24.7585 0
-24.7485 0
-24.7385 0
-24.7285 0
-24.7185 0
-24.7085 0
-24.6985 0
-24.6885 0
-24.6785 0
-24.6685 0
-24.6585 0
-24.6485 0
-24.6385 0
-24.6285 0
-24.6185 0
-24.6085 0
-24.5985 0
-24.5885 0
-24.5785 0
-24.5685 0
-24.5585 0
-24.5485 0
-24.5385 0
-24.5285 0
-24.5185 0
-24.5085 0
-24.4985 0
-24.4885 0
-24.4785 0
-24.4685 0
-24.4585 0
-24.4485 0
-24.4385 0
-24.4285 0
-24.4185 0
-24.4085 0
-24.3985 0
-24.3885 0
-24.3785 0
-24.3685 0
-24.3585 0
-24.3485 0
-24.3385 0
-24.3285 0
-24.3185 0
-24.3085 0
-24.2985 0
-24.2885 0
-24.2785 0
-24.2685 0
-24.2585 0
-24.2485 0
-24.2385 0
-24.2285 0
-24.2185 0
-24.2085 0
-24.1985 0
-24.1885 0
-24.1785 0
-24.1685 0
-24.1585 0
-24.1485 0
-24.1385 0
-24.1285 0
-24.1185 0
-24.1085 0
-24.0985 0
-24.0885 0
-24.0785 0
-24.0685 0
-24.0585 0
-24.0485 0
-24.0385 0
-24.0285 0
-24.0185 0
-24.0085 0
-23.9985 0
-23.9885 0
-23.9785 0
-23.9685 0
-23.9585 0
-23.9485 0
-23.9385 0
-23.9285 0
-23.9185 0
-23.9085 0
-23.8985 0
-23.8885 0
-23.8785 0
-23.8685 0
-23.8585 0
-23.8485 0
-23.8385 0
-23.8285 0
-23.8185 0
-23.8085 0
-23.7985 0
-23.7885 0
-23.7785 0
-23.7685 0
-23.7585 0
-23.7485 0
-23.7385 0
-23.7285 0
-23.7185 0
-23.7085 0
-23.6985 0
-23.6885 0
-23.6785 0
-23.6685 0
-23.6585 0
-23.6485 0
-23.6385 0
-23.6285 0
-23.6185 0
-23.6085 0
-23.5985 0
-23.5885 0
-23.5785 0
-23.5685 0
-23.5585 0
-23.5485 0
-23.5385 0
-23.5285 0
-23.5185 0
-23.5085 0
-23.4985 0
-23.4885 0
-23.4785 0
-23.4685 0
-23.4585 0
-23.4485 0
-23.4385 0
-23.4285 0
-23.4185 0
-23.4085 0
-23.3985 0
-23.3885 0
-23.3785 0
-23.3685 0
-23.3585 0
-23.3485 0
-23.3385 0
-23.3285 0
-23.3185 0
-23.3085 0
-23.2985 0
-23.2885 0
-23.2785 0
-23.2685 0
-23.2585 0
-23.2485 0
-23.2385 0
-23.2285 0
-23.2185 0
-23.2085 0
-23.1985 0
-23.1885 0
-23.1785 0
-23.1685 0
-23.1585 0
-23.1485 0
-23.1385 0
-23.1285 0
-23.1185 0
-23.1085 0
-23.0985 0
-23.0885 0
-23.0785 0
-23.0685 0
-23.0585 0
-23.0485 0
-23.0385 0
-23.0285 0
-23.0185 0
-23.0085 0
-22.9985 0
-22.9885 0
-22.9785 0
-22.9685 0
-22.9585 0
-22.9485 0
-22.9385 0
-22.9285 0
-22.9185 0
-22.9085 0
-22.8985 0
-22.8885 0
-22.8785 0
-22.8685 0
-22.8585 0
-22.8485 0
-22.8385 0
-22.8285 0
-22.8185 0
-22.8085 0
-22.7985 0
-22.7885 0
-22.7785 0
-22.7685 0
-22.7585 0
-22.7485 0
-22.7385 0
-22.7285 0
-22.7185 0
-22.7085 0
-22.6985 0
-22.6885 0
-22.6785 0
-22.6685 0
-22.6585 0
-22.6485 0
-22.6385 0
-22.6285 0
-22.6185 0
-22.6085 0
-22.5985 0
-22.5885 0
-22.5785 0
-22.5685 0
-22.5585 0
-22.5485 0
-22.5385 0
-22.5285 0
-22.5185 0
-22.5085 0
-22.4985 0
-22.4885 0
-22.4785 0
-22.4685 0
-22.4585 0
-22.4485 0
-22.4385 0
-22.4285 0
-22.4185 0
-22.4085 0
-22.3985 0
-22.3885 0
-22.3785 0
-22.3685 0
-22.3585 0
-22.3485 0
-22.3385 0
-22.3285 0
-22.3185 0
-22.3085 0
-22.2985 0
-22.2885 0
-22.2785 0
-22.2685 0
-22.2585 0
-22.2485 0
-22.2385 0
-22.2285 0
-22.2185 0
-22.2085 0
-22.1985 0
-22.1885 0
-22.1785 0
-22.1685 0
-22.1585 0
-22.1485 0
-22.1385 0
-22.1285 0
-22.1185 0
-22.1085 0
-22.0985 0
-22.0885 0
-22.0785 0
-22.0685 0
-22.0585 0
-22.0485 0
-22.0385 0
-22.0285 0
-22.0185 0
-22.0085 0
-21.9985 0
-21.9885 0
-21.9785 0
-21.9685 0
-21.9585 0
-21.9485 0
-21.9385 0
-21.9285 0
-21.9185 0
-21.9085 0
-21.8985 0
-21.8885 0
-21.8785 0
-21.8685 0
-21.8585 0
-21.8485 0
-21.8385 0
-21.8285 0
-21.8185 0
-21.8085 0
-21.7985 0
-21.7885 0
-21.7785 0
-21.7685 0
-21.7585 0
-21.7485 0
-21.7385 0
-21.7285 0
-21.7185 0
-21.7085 0
-21.6985 0
-21.6885 0
-21.6785 0
-21.6685 0
-21.6585 0
-21.6485 0
-21.6385 0
-21.6285 0
-21.6185 0
-21.6085 0
-21.5985 0
-21.5885 0
-21.5785 0
-21.5685 0
-21.5585 0
-21.5485 0
-21.5385 0
-21.5285 0
-21.5185 0
-21.5085 0
-21.4985 0
-21.4885 0
-21.4785 0
-21.4685 0
-21.4585 0
-21.4485 0
-21.4385 0
-21.4285 0
-21.4185 0
-21.4085 0
-21.3985 0
-21.3885 0
-21.3785 0
-21.3685 0
-21.3585 0
-21.3485 0
-21.3385 0
-21.3285 0
-21.3185 0
-21.3085 0
-21.2985 0
-21.2885 0
-21.2785 0
-21.2685 0
-21.2585 0
-21.2485 0
-21.2385 0
-21.2285 0
-21.2185 0
-21.2085 0
-21.1985 0
-21.1885 0
-21.1785 0
-21.1685 0
-21.1585 0
-21.1485 0
-21.1385 0
-21.1285 0
-21.1185 0
-21.1085 0
-21.0985 0
-21.0885 0
-21.0785 0
-21.0685 0
-21.0585 0
-21.0485 0
-21.0385 0
-21.0285 0
-21.0185 0
-21.0085 0
-20.9985 0
-20.9885 0
-20.9785 0
-20.9685 0
-20.9585 0
-20.9485 0
-20.9385 0
-20.9285 0
-20.9185 0
-20.9085 0
-20.8985 0
-20.8885 0
-20.8785 0
-20.8685 0
-20.8585 0
-20.8485 0
-20.8385 0
-20.8285 0
-20.8185 0
-20.8085 0
-20.7985 0
-20.7885 0
-20.7785 0
-20.7685 0
-20.7585 0
-20.7485 0
-20.7385 0
-20.7285 0
-20.7185 0
-20.7085 0
-20.6985 0
-20.6885 0
-20.6785 0
-20.6685 0
-20.6585 0
-20.6485 0
-20.6385 0
-20.6285 0
-20.6185 0
-20.6085 0
-20.5985 0
-20.5885 0
-20.5785 0
-20.5685 0
-20.5585 0
-20.5485 0
-20.5385 0
-20.5285 0
-20.5185 0
-20.5085 0
-20.4985 0
-20.4885 0
-20.4785 0
-20.4685 0
-20.4585 0
-20.4485 0
-20.4385 0
-20.4285 0
-20.4185 0
-20.4085 0
-20.3985 0
-20.3885 0
-20.3785 0
-20.3685 0
-20.3585 0
-20.3485 0
-20.3385 0
-20.3285 0
-20.3185 0
-20.3085 0
-20.2985 0
-20.2885 0
-20.2785 0
-20.2685 0
-20.2585 0
-20.2485 0
-20.2385 0
-20.2285 0
-20.2185 0
-20.2085 0
-20.1985 0
-20.1885 0
-20.1785 0
-20.1685 0
-20.1585 0
-20.1485 0
-20.1385 0
-20.1285 0
-20.1185 0
-20.1085 0
-20.0985 0
-20.0885 0
-20.0785 0
-20.0685 0
-20.0585 0
-20.0485 0
-20.0385 0
-20.0285 0
-20.0185 0
-20.0085 0
-19.9985 0
-19.9885 0
-19.9785 0
-19.9685 0
-19.9585 0
-19.9485 0
-19.9385 0
-19.9285 0
-19.9185 0
-19.9085 0
-19.8985 0
-19.8885 0
-19.8785 0
-19.8685 0
-19.8585 0
-19.8485 0
-19.8385 0
-19.8285 0
-19.8185 0
-19.8085 0
-19.7985 0
-19.7885 0
-19.7785 0
-19.7685 0
-19.7585 0
-19.7485 0
-19.7385 0
-19.7285 0
-19.7185 0
-19.7085 0
-19.6985 0
-19.6885 0
-19.6785 0
-19.6685 0
-19.6585 0
-19.6485 0
-19.6385 0
-19.6285 0
-19.6185 0
-19.6085 0
-19.5985 0
-19.5885 0
-19.5785 0
-19.5685 0
-19.5585 0
-19.5485 0
-19.5385 0
-19.5285 0
-19.5185 0
-19.5085 0
-19.4985 0
-19.4885 0
-19.4785 0
-19.4685 0
-19.4585 0
-19.4485 0
-19.4385 0
-19.4285 0
-19.4185 0
-19.4085 0
-19.3985 0
-19.3885 0
-19.3785 0
-19.3685 0
-19.3585 0
-19.3485 0
-19.3385 0
-19.3285 0
-19.3185 0
-19.3085 0
-19.2985 0
-19.2885 0
-19.2785 0
-19.2685 0
-19.2585 0
-19.2485 0
-19.2385 0
-19.2285 0
-19.2185 0
-19.2085 0
-19.1985 0
-19.1885 0
-19.1785 0
-19.1685 0
-19.1585 0
-19.1485 0
-19.1385 0
-19.1285 0
-19.1185 0
-19.1085 0
-19.0985 0
-19.0885 0
-19.0785 0
-19.0685 0
-19.0585 0
-19.0485 0
-19.0385 0
-19.0285 0
-19.0185 0
-19.0085 0
-18.9985 0
-18.9885 0
-18.9785 0
-18.9685 0
-18.9585 0
-18.9485 0
-18.9385 0
-18.9285 0
-18.9185 0
-18.9085 0
-18.8985 0
-18.8885 0
-18.8785 0
-18.8685 0
-18.8585 0
-18.8485 0
-18.8385 0
-18.8285 0
-18.8185 0
-18.8085 0
-18.7985 0
-18.7885 0
-18.7785 0
-18.7685 0
-18.7585 0
-18.7485 0
-18.7385 0
-18.7285 0
-18.7185 0
-18.7085 0
-18.6985 0
-18.6885 0
-18.6785 0
-18.6685 0
-18.6585 0
-18.6485 0
-18.6385 0
-18.6285 0
-18.6185 0
-18.6085 0
-18.5985 0
-18.5885 0
-18.5785 0
-18.5685 0
-18.5585 0
-18.5485 0
-18.5385 0
-18.5285 0
-18.5185 0
-18.5085 0
-18.4985 0
-18.4885 0
-18.4785 0
-18.4685 0
-18.4585 0
-18.4485 0
-18.4385 0
-18.4285 0
-18.4185 0
-18.4085 0
-18.3985 0
-18.3885 0
-18.3785 0
-18.3685 0
-18.3585 0
-18.3485 0
-18.3385 0
-18.3285 0
-18.3185 0
-18.3085 0
-18.2985 0
-18.2885 0
-18.2785 0
-18.2685 0
-18.2585 0
-18.2485 0
-18.2385 0
-18.2285 0
-18.2185 0
-18.2085 0
-18.1985 0
-18.1885 0
-18.1785 0
-18.1685 0
-18.1585 0
-18.1485 0
-18.1385 0
-18.1285 0
-18.1185 0
-18.1085 0
-18.0985 0
-18.0885 0
-18.0785 0
-18.0685 0
-18.0585 0
-18.0485 0
-18.0385 0
-18.0285 0
-18.0185 0
-18.0085 0
-17.9985 0
-17.9885 0
-17.9785 0
-17.9685 0
-17.9585 0
-17.9485 0
-17.9385 0
-17.9285 0
-17.9185 0
-17.9085 0
-17.8985 0
-17.8885 0
-17.8785 0
-17.8685 0
-17.8585 0
-17.8485 0
-17.8385 0
-17.8285 0
-17.8185 0
-17.8085 0
-17.7985 0
-17.7885 0
-17.7785 0
-17.7685 0
-17.7585 0
-17.7485 0
-17.7385 0
-17.7285 0
-17.7185 0
-17.7085 0
-17.6985 0
-17.6885 0
-17.6785 0
-17.6685 0
-17.6585 0
-17.6485 0
-17.6385 0
-17.6285 0
-17.6185 0
-17.6085 0
-17.5985 0
-17.5885 0
-17.5785 0
-17.5685 0
-17.5585 0
-17.5485 0
-17.5385 0
-17.5285 0
-17.5185 0
-17.5085 0
-17.4985 0
-17.4885 0
-17.4785 0
-17.4685 0
-17.4585 0
-17.4485 0
-17.4385 0
-17.4285 0
-17.4185 0
-17.4085 0
-17.3985 0
-17.3885 0
-17.3785 0
-17.3685 0
-17.3585 0
-17.3485 0
-17.3385 0
-17.3285 0
-17.3185 0
-17.3085 0
-17.2985 0
-17.2885 0
-17.2785 0
-17.2685 0
-17.2585 0
-17.2485 0
-17.2385 0
-17.2285 0
-17.2185 0
-17.2085 0
-17.1985 0
-17.1885 0
-17.1785 0
-17.1685 0
-17.1585 0
-17.1485 0
-17.1385 0
-17.1285 0
-17.1185 0
-17.1085 0
-17.0985 0
-17.0885 0
-17.0785 0
-17.0685 0
-17.0585 0
-17.0485 0
-17.0385 0
-17.0285 0
-17.0185 0
-17.0085 0
-16.9985 0
-16.9885 0
-16.9785 0
-16.9685 0
-16.9585 0
-16.9485 0
-16.9385 0
-16.9285 0
-16.9185 0
-16.9085 0
-16.8985 0
-16.8885 0
-16.8785 0
-16.8685 0
-16.8585 0
-16.8485 0
-16.8385 0
-16.8285 0
-16.8185 0
-16.8085 0
-16.7985 0
-16.7885 0
-16.7785 0
-16.7685 0
-16.7585 0
-16.7485 0
-16.7385 0
-16.7285 0
-16.7185 0
-16.7085 0
-16.6985 0
-16.6885 0
-16.6785 0
-16.6685 0
-16.6585 0
-16.6485 0
-16.6385 0
-16.6285 0
-16.6185 0
-16.6085 0
-16.5985 0
-16.5885 0
-16.5785 0
-16.5685 0
-16.5585 0
-16.5485 0
-16.5385 0
-16.5285 0
-16.5185 0
-16.5085 0
-16.4985 0
-16.4885 0
-16.4785 0
-16.4685 0
-16.4585 0
-16.4485 0
-16.4385 0
-16.4285 0
-16.4185 0
-16.4085 0
-16.3985 0
-16.3885 0
-16.3785 0
-16.3685 0
-16.3585 0
-16.3485 0
-16.3385 0
-16.3285 0
-16.3185 0
-16.3085 0
-16.2985 0
-16.2885 0
-16.2785 0
-16.2685 0
-16.2585 0
-16.2485 0
-16.2385 0
-16.2285 0
-16.2185 0
-16.2085 0
-16.1985 0
-16.1885 0
-16.1785 0
-16.1685 0
-16.1585 0
-16.1485 0
-16.1385 0
-16.1285 0
-16.1185 0
-16.1085 0
-16.0985 0
-16.0885 0
-16.0785 0
-16.0685 0
-16.0585 0
-16.0485 0
-16.0385 0
-16.0285 0
-16.0185 0
-16.0085 0
-15.9985 0
-15.9885 0
-15.9785 0
-15.9685 0
-15.9585 0
-15.9485 0
-15.9385 0
-15.9285 0
-15.9185 0
-15.9085 0
-15.8985 0
-15.8885 0
-15.8785 0
-15.8685 0
-15.8585 0
-15.8485 0
-15.8385 0
-15.8285 0
-15.8185 0
-15.8085 0
-15.7985 0
-15.7885 0
-15.7785 0
-15.7685 0
-15.7585 0
-15.7485 0
-15.7385 0
-15.7285 0
-15.7185 0
-15.7085 0
-15.6985 0
-15.6885 0
-15.6785 0
-15.6685 0
-15.6585 0
-15.6485 0
-15.6385 0
-15.6285 0
-15.6185 0
-15.6085 0
-15.5985 0
-15.5885 0
-15.5785 0
-15.5685 0
-15.5585 0
-15.5485 0
-15.5385 0
-15.5285 0
-15.5185 0
-15.5085 0
-15.4985 0
-15.4885 0
-15.4785 0
-15.4685 0
-15.4585 0
-15.4485 0
-15.4385 0
-15.4285 0
-15.4185 0
-15.4085 0
-15.3985 0
-15.3885 0
-15.3785 0
-15.3685 0
-15.3585 0
-15.3485 0
-15.3385 0
-15.3285 0
-15.3185 0
-15.3085 0
-15.2985 0
-15.2885 0
-15.2785 0
-15.2685 0
-15.2585 0
-15.2485 0
-15.2385 0
-15.2285 0
-15.2185 0
-15.2085 0
-15.1985 0
-15.1885 0
-15.1785 0
-15.1685 0
-15.1585 0
-15.1485 0
-15.1385 0
-15.1285 0
-15.1185 0
-15.1085 0
-15.0985 0
-15.0885 0
-15.0785 0
-15.0685 0
-15.0585 0
-15.0485 0
-15.0385 0
-15.0285 0
-15.0185 0
-15.0085 0
-14.9985 0
-14.9885 0
-14.9785 0
-14.9685 0
-14.9585 0
-14.9485 0
-14.9385 0
-14.9285 0
-14.9185 0
-14.9085 0
-14.8985 0
-14.8885 0
-14.8785 0
-14.8685 0
-14.8585 0
-14.8485 0
-14.8385 0
-14.8285 0
-14.8185 0
-14.8085 0
-14.7985 0
-14.7885 0
-14.7785 0
-14.7685 0
-14.7585 0
-14.7485 0
-14.7385 0
-14.7285 0
-14.7185 0
-14.7085 0
-14.6985 0
-14.6885 0
-14.6785 0
-14.6685 0
-14.6585 0
-14.6485 0
-14.6385 0
-14.6285 0
-14.6185 0
-14.6085 0
-14.5985 0
-14.5885 0
-14.5785 0
-14.5685 0
-14.5585 0
-14.5485 0
-14.5385 0
-14.5285 0
-14.5185 0
-14.5085 0
-14.4985 0
-14.4885 0
-14.4785 0
-14.4685 0
-14.4585 0
-14.4485 0
-14.4385 0
-14.4285 0
-14.4185 0
-14.4085 0
-14.3985 0
-14.3885 0
-14.3785 0
-14.3685 0
-14.3585 0.0078125
-14.3485 0
-14.3385 0
-14.3285 0
-14.3185 0
-14.3085 0
-14.2985 0
-14.2885 0.046875
-14.2785 0
-14.2685 0
-14.2585 0
-14.2485 0
-14.2385 0
-14.2285 0
-14.2185 0
-14.2085 0
-14.1985 0
-14.1885 0
-14.1785 0
-14.1685 0
-14.1585 0.046875
-14.1485 0
-14.1385 0
-14.1285 0
-14.1185 0
-14.1085 0
-14.0985 0
-14.0885 0.046875
-14.0785 0
-14.0685 0
-14.0585 0
-14.0485 0
-14.0385 0
-14.0285 0
-14.0185 0
-14.0085 0
-13.9985 0
-13.9885 0
-13.9785 0
-13.9685 0
-13.9585 0
-13.9485 0
-13.9385 0
-13.9285 0
-13.9185 0
-13.9085 0
-13.8985 0.09375
-13.8885 0
-13.8785 0
-13.8685 0
-13.8585 0
-13.8485 0
-13.8385 0
-13.8285 0
-13.8185 0
-13.8085 0
-13.7985 0
-13.7885 0
-13.7785 0
-13.7685 0.046875
-13.7585 0
-13.7485 0
-13.7385 0
-13.7285 0
-13.7185 0
-13.7085 0
-13.6985 0
-13.6885 0
-13.6785 0
-13.6685 0
-13.6585 0
-13.6485 0
-13.6385 0
-13.6285 0
-13.6185 0
-13.6085 0
-13.5985 0
-13.5885 0.046875
-13.5785 0
-13.5685 0
-13.5585 0
-13.5485 0
-13.5385 0
-13.5285 0.09375
-13.5185 0
-13.5085 0
-13.4985 0
-13.4885 0
-13.4785 0
-13.4685 0
-13.4585 0
-13.4485 0
-13.4385 0
-13.4285 0
-13.4185 0
-13.4085 0
-13.3985 0
-13.3885 0
-13.3785 0
-13.3685 0
-13.3585 0.046875
-13.3485 0
-13.3385 0
-13.3285 0
-13.3185 0
-13.3085 0
-13.2985 0
-13.2885 0
-13.2785 0
-13.2685 0
-13.2585 0
-13.2485 0
-13.2385 0
-13.2285 0
-13.2185 0
-13.2085 0
-13.1985 0
-13.1885 0.09375
-13.1785 0
-13.1685 0
-13.1585 0
-13.1485 0.0078125
-13.1385 0
-13.1285 0
-13.1185 0.046875
-13.1085 0
-13.0985 0
-13.0885 0.09375
-13.0785 0
-13.0685 0
-13.0585 0
-13.0485 0.046875
-13.0385 0
-13.0285 0
-13.0185 0.046875
-13.0085 0
-12.9985 0
-12.9885 0
-12.9785 0
-12.9685 0
-12.9585 0
-12.9485 0
-12.9385 0
-12.9285 0.09375
-12.9185 0
-12.9085 0
-12.8985 0.046875
-12.8885 0
-12.8785 0
-12.8685 0.046875
-12.8585 0
-12.8485 0
-12.8385 0
-12.8285 0
-12.8185 0
-12.8085 0
-12.7985 0.046875
-12.7885 0
-12.7785 0.046875
-12.7685 0
-12.7585 0
-12.7485 0.1875
-12.7385 0
-12.7285 0
-12.7185 0
-12.7085 0
-12.6985 0
-12.6885 0
-12.6785 0
-12.6685 0.046875
-12.6585 0
-12.6485 0
-12.6385 0.09375
-12.6285 0
-12.6185 0
-12.6085 0
-12.5985 0
-12.5885 0.09375
-12.5785 0
-12.5685 0
-12.5585 0
-12.5485 0
-12.5385 0.09375
-12.5285 0
-12.5185 0
-12.5085 0
-12.4985 0
-12.4885 0
-12.4785 0
-12.4685 0
-12.4585 0.09375
-12.4485 0
-12.4385 0
-12.4285 0
-12.4185 0
-12.4085 0
-12.3985 0.046875
-12.3885 0
-12.3785 0.1875
-12.3685 0
-12.3585 0
-12.3485 0
-12.3385 0
-12.3285 0.1875
-12.3185 0
-12.3085 0
-12.2985 0
-12.2885 0
-12.2785 0
-12.2685 0
-12.2585 0.046875
-12.2485 0
-12.2385 0.09375
-12.2285 0
-12.2185 0
-12.2085 0
-12.1985 0.09375
-12.1885 0.09375
-12.1785 0
-12.1685 0
-12.1585 0.09375
-12.1485 0
-12.1385 0
-12.1285 0
-12.1185 0.046875
-12.1085 0.046875
-12.0985 0
-12.0885 0
-12.0785 0
-12.0685 0
-12.0585 0.0234375
-12.0485 0.09375
-12.0385 0.234375
-12.0285 0.140625
-12.0185 0.09375
-12.0085 0
-11.9985 0.09375
-11.9885 0.0703125
-11.9785 0
-11.9685 0
-11.9585 0
-11.9485 0
-11.9385 0.09375
-11.9285 0
-11.9185 0
-11.9085 0.09375
-11.8985 0
-11.8885 0.046875
-11.8785 0
-11.8685 0
-11.8585 0.046875
-11.8485 0
-11.8385 0
-11.8285 0.046875
-11.8185 0.09375
-11.8085 0
-11.7985 0
-11.7885 0.09375
-11.7785 0
-11.7685 0
-11.7585 0
-11.7485 0
-11.7385 0
-11.7285 0
-11.7185 0
-11.7085 0
-11.6985 0.046875
-11.6885 0
-11.6785 0
-11.6685 0
-11.6585 0
-11.6485 0.046875
-11.6385 0
-11.6285 0
-11.6185 0
-11.6085 0
-11.5985 0
-11.5885 0
-11.5785 0
-11.5685 0
-11.5585 0
-11.5485 0
-11.5385 0
-11.5285 0
-11.5185 0
-11.5085 0
-11.4985 0
-11.4885 0
-11.4785 0
-11.4685 0
-11.4585 0
-11.4485 0
-11.4385 0
-11.4285 0
-11.4185 0
-11.4085 0
-11.3985 0
-11.3885 0
-11.3785 0
-11.3685 0
-11.3585 0
-11.3485 0
-11.3385 0
-11.3285 0
-11.3185 0
-11.3085 0
-11.2985 0
-11.2885 0
-11.2785 0
-11.2685 0
-11.2585 0
-11.2485 0
-11.2385 0
-11.2285 0
-11.2185 0
-11.2085 0
-11.1985 0
-11.1885 0
-11.1785 0
-11.1685 0
-11.1585 0
-11.1485 0
-11.1385 0
-11.1285 0
-11.1185 0
-11.1085 0
-11.0985 0
-11.0885 0
-11.0785 0
-11.0685 0
-11.0585 0
-11.0485 0
-11.0385 0
-11.0285 0
-11.0185 0
-11.0085 0
-10.9985 0
-10.9885 0
-10.9785 0
-10.9685 0
-10.9585 0
-10.9485 0
-10.9385 0
-10.9285 0
-10.9185 0
-10.9085 0
-10.8985 0
-10.8885 0
-10.8785 0
-10.8685 0
-10.8585 0
-10.8485 0
-10.8385 0
-10.8285 0
-10.8185 0
-10.8085 0
-10.7985 0
-10.7885 0
-10.7785 0
-10.7685 0
-10.7585 0
-10.7485 0
-10.7385 0
-10.7285 0
-10.7185 0
-10.7085 0
-10.6985 0
-10.6885 0
-10.6785 0
-10.6685 0
-10.6585 0
-10.6485 0
-10.6385 0
-10.6285 0
-10.6185 0
-10.6085 0
-10.5985 0
-10.5885 0
-10.5785 0
-10.5685 0
-10.5585 0
-10.5485 0
-10.5385 0
-10.5285 0
-10.5185 0
-10.5085 0
-10.4985 0
-10.4885 0
-10.4785 0
-10.4685 0
-10.4585 0
-10.4485 0
-10.4385 0
-10.4285 0
-10.4185 0
-10.4085 0
-10.3985 0
-10.3885 0
-10.3785 0
-10.3685 0
-10.3585 0
-10.3485 0
-10.3385 0
-10.3285 0
-10.3185 0
-10.3085 0
-10.2985 0
-10.2885 0
-10.2785 0
-10.2685 0
-10.2585 0
-10.2485 0
-10.2385 0
-10.2285 0
-10.2185 0
-10.2085 0
-10.1985 0
-10.1885 0
-10.1785 0
-10.1685 0
-10.1585 0
-10.1485 0
-10.1385 0
-10.1285 0
-10.1185 0
-10.1085 0
-10.0985 0
-10.0885 0
-10.0785 0
-10.0685 0
-10.0585 0
-10.0485 0
-10.0385 0
-10.0285 0
-10.0185 0
-10.0085 0
-9.99852 0
-9.98852 0
-9.97852 0
-9.96852 0
-9.95852 0
-9.94852 0
-9.93852 0
-9.92852 0
-9.91852 0
-9.90852 0
-9.89852 0
-9.88852 0
-9.87852 0
-9.86852 0
-9.85852 0
-9.84852 0
-9.83852 0
-9.82852 0
-9.81852 0
-9.80852 0
-9.79852 0
-9.78852 0
-9.77852 0
-9.76852 0
-9.75852 0
-9.74852 0
-9.73852 0
-9.72852 0
-9.71852 0
-9.70852 0
-9.69852 0
-9.68852 0
-9.67852 0
-9.66852 0
-9.65852 0
-9.64852 0
-9.63852 0
-9.62852 0
-9.61852 0
-9.60852 0
-9.59852 0
-9.58852 0
-9.57852 0
-9.56852 0
-9.55852 0
-9.54852 0
-9.53852 0
-9.52852 0
-9.51852 0
-9.50852 0
-9.49852 0
-9.48852 0
-9.47852 0
-9.46852 0
-9.45852 0
-9.44852 0
-9.43852 0
-9.42852 0
-9.41852 0
-9.40852 0
-9.39852 0
-9.38852 0
-9.37852 0
-9.36852 0
-9.35852 0
-9.34852 0
-9.33852 0
-9.32852 0
-9.31852 0
-9.30852 0
-9.29852 0
-9.28852 0
-9.27852 0
-9.26852 0
-9.25852 0
-9.24852 0
-9.23852 0
-9.22852 0
-9.21852 0
-9.20852 0
-9.19852 0
-9.18852 0
-9.17852 0
-9.16852 0
-9.15852 0
-9.14852 0
-9.13852 0
-9.12852 0
-9.11852 0
-9.10852 0
-9.09852 0
-9.08852 0
-9.07852 0
-9.06852 0
-9.05852 0
-9.04852 0
-9.03852 0
-9.02852 0
-9.01852 0
-9.00852 0
-8.99852 0
-8.98852 0
-8.97852 0
-8.96852 0
-8.95852 0
-8.94852 0
-8.93852 0
-8.92852 0
-8.91852 0
-8.90852 0
-8.89852 0
-8.88852 0
-8.87852 0
-8.86852 0
-8.85852 0
-8.84852 0
-8.83852 0
-8.82852 0
-8.81852 0
-8.80852 0
-8.79852 0
-8.78852 0
-8.77852 0
-8.76852 0
-8.75852 0
-8.74852 0
-8.73852 0
-8.72852 0
-8.71852 0
-8.70852 0
-8.69852 0
-8.68852 0
-8.67852 0
-8.66852 0
-8.65852 0
-8.64852 0
-8.63852 0
-8.62852 0
-8.61852 0
-8.60852 0
-8.59852 0
-8.58852 0
-8.57852 0
-8.56852 0
-8.55852 0
-8.54852 0
-8.53852 0
-8.52852 0
-8.51852 0
-8.50852 0
-8.49852 0
-8.48852 0
-8.47852 0
-8.46852 0
-8.45852 0
-8.44852 0
-8.43852 0
-8.42852 0
-8.41852 0
-8.40852 0
-8.39852 0
-8.38852 0
-8.37852 0
-8.36852 0
-8.35852 0
-8.34852 0
-8.33852 0
-8.32852 0
-8.31852 0
-8.30852 0
-8.29852 0
-8.28852 0
-8.27852 0
-8.26852 0
-8.25852 0
-8.24852 0
-8.23852 0
-8.22852 0
-8.21852 0
-8.20852 0
-8.19852 0
-8.18852 0
-8.17852 0
-8.16852 0
-8.15852 0
-8.14852 0
-8.13852 0
-8.12852 0
-8.11852 0
-8.10852 0
-8.09852 0
-8.08852 0
-8.07852 0
-8.06852 0
-8.05852 0
-8.04852 0
-8.03852 0
-8.02852 0
-8.01852 0
-8.00852 0
-7.99852 0
-7.98852 0
-7.97852 0
-7.96852 0
-7.95852 0
-7.94852 0
-7.93852 0
-7.92852 0
-7.91852 0
-7.90852 0
-7.89852 0
-7.88852 0
-7.87852 0
-7.86852 0
-7.85852 0
-7.84852 0
-7.83852 0
-7.82852 0
-7.81852 0
-7.80852 0
-7.79852 0
-7.78852 0
-7.77852 0
-7.76852 0
-7.75852 0
-7.74852 0
-7.73852 0
-7.72852 0
-7.71852 0
-7.70852 0
-7.69852 0
-7.68852 0
-7.67852 0
-7.66852 0
-7.65852 0
-7.64852 0
-7.63852 0
-7.62852 0
-7.61852 0
-7.60852 0
-7.59852 0
-7.58852 0
-7.57852 0
-7.56852 0
-7.55852 0
-7.54852 0
-7.53852 0
-7.52852 0
-7.51852 0
-7.50852 0
-7.49852 0
-7.48852 0
-7.47852 0
-7.46852 0
-7.45852 0
-7.44852 0
-7.43852 0
-7.42852 0
-7.41852 0
-7.40852 0
-7.39852 0
-7.38852 0
-7.37852 0
-7.36852 0
-7.35852 0
-7.34852 0
-7.33852 0
-7.32852 0
-7.31852 0
-7.30852 0
-7.29852 0
-7.28852 0
-7.27852 0
-7.26852 0
-7.25852 0
-7.24852 0
-7.23852 0
-7.22852 0
-7.21852 0
-7.20852 0
-7.19852 0
-7.18852 0
-7.17852 0
-7.16852 0
-7.15852 0
-7.14852 0
-7.13852 0
-7.12852 0
-7.11852 0
-7.10852 0
-7.09852 0
-7.08852 0
-7.07852 0
-7.06852 0
-7.05852 0
-7.04852 0
-7.03852 0
-7.02852 0
-7.01852 0
-7.00852 0
-6.99852 0
-6.98852 0
-6.97852 0
-6.96852 0
-6.95852 0
-6.94852 0
-6.93852 0
-6.92852 0
-6.91852 0
-6.90852 0
-6.89852 0
-6.88852 0
-6.87852 0
-6.86852 0
-6.85852 0
-6.84852 0
-6.83852 0
-6.82852 0
-6.81852 0
-6.80852 0
-6.79852 0
-6.78852 0
-6.77852 0
-6.76852 0
-6.75852 0
-6.74852 0
-6.73852 0
-6.72852 0
-6.71852 0
-6.70852 0
-6.69852 0
-6.68852 0
-6.67852 0
-6.66852 0
-6.65852 0
-6.64852 0
-6.63852 0
-6.62852 0
-6.61852 0
-6.60852 0
-6.59852 0
-6.58852 0
-6.57852 0
-6.56852 0
-6.55852 0
-6.54852 0
-6.53852 0
-6.52852 0
-6.51852 0
-6.50852 0
-6.49852 0
-6.48852 0
-6.47852 0
-6.46852 0
-6.45852 0
-6.44852 0
-6.43852 0
-6.42852 0
-6.41852 0
-6.40852 0
-6.39852 0
-6.38852 0
-6.37852 0
-6.36852 0
-6.35852 0
-6.34852 0
-6.33852 0
-6.32852 0
-6.31852 0
-6.30852 0
-6.29852 0
-6.28852 0
-6.27852 0
-6.26852 0
-6.25852 0
-6.24852 0
-6.23852 0
-6.22852 0
-6.21852 0
-6.20852 0
-6.19852 0
-6.18852 0
-6.17852 0
-6.16852 0
-6.15852 0
-6.14852 0
-6.13852 0
-6.12852 0
-6.11852 0
-6.10852 0
-6.09852 0
-6.08852 0
-6.07852 0
-6.06852 0.0234375
-6.05852 0
-6.04852 0
-6.03852 0
-6.02852 0
-6.01852 0
-6.00852 0
-5.99852 0
-5.98852 0
-5.97852 0.09375
-5.96852 0
-5.95852 0
-5.94852 0
-5.93852 0
-5.92852 0.046875
-5.91852 0
-5.90852 0
-5.89852 0
-5.88852 0
-5.87852 0
-5.86852 0
-5.85852 0
-5.84852 0
-5.83852 0
-5.82852 0.0546875
-5.81852 0
-5.80852 0
-5.79852 0
-5.78852 0
-5.77852 0
-5.76852 0
-5.75852 0
-5.74852 0
-5.73852 0.046875
-5.72852 0.09375
-5.71852 0.09375
-5.70852 0
-5.69852 0
-5.68852 0
-5.67852 0
-5.66852 0
-5.65852 0
-5.64852 0
-5.63852 0
-5.62852 0
-5.61852 0
-5.60852 0
-5.59852 0
-5.58852 0.09375
-5.57852 0.046875
-5.56852 0
-5.55852 0
-5.54852 0
-5.53852 0
-5.52852 0.140625
-5.51852 0.046875
-5.50852 0
-5.49852 0
-5.48852 0
-5.47852 0
-5.46852 0
-5.45852 0
-5.44852 0
-5.43852 0.09375
-5.42852 0
-5.41852 0
-5.40852 0.09375
-5.39852 0.09375
-5.38852 0
-5.37852 0
-5.36852 0
-5.35852 0
-5.34852 0.1875
-5.33852 0
-5.32852 0
-5.31852 0.09375
-5.30852 0
-5.29852 0
-5.28852 0
-5.27852 0
-5.26852 0
-5.25852 0.09375
-5.24852 0
-5.23852 0
-5.22852 0.09375
-5.21852 0.046875
-5.20852 0.09375
-5.19852 0
-5.18852 0.09375
-5.17852 0.0234375
-5.16852 0.09375
-5.15852 0
-5.14852 0
-5.13852 0
-5.12852 0.09375
-5.11852 0
-5.10852 0.09375
-5.09852 0
-5.08852 0
-5.07852 0.09375
-5.06852 0
-5.05852 0.140625
-5.04852 0.09375
-5.03852 0
-5.02852 0.140625
-5.01852 0
-5.00852 0
-4.99852 0.046875
-4.98852 0
-4.97852 0
-4.96852 0
-4.95852 0
-4.94852 0
-4.93852 0
-4.92852 0.234375
-4.91852 0
-4.90852 0
-4.89852 0
-4.88852 0
-4.87852 0
-4.86852 0
-4.85852 0
-4.84852 0
-4.83852 0
-4.82852 0
-4.81852 0
-4.80852 0
-4.79852 0
-4.78852 0
-4.77852 0
-4.76852 0
-4.75852 0.09375
-4.74852 0
-4.73852 0
-4.72852 0.046875
-4.71852 0
-4.70852 0
-4.69852 0
-4.68852 0
-4.67852 0
-4.66852 0
-4.65852 0
-4.64852 0
-4.63852 0
-4.62852 0
-4.61852 0
-4.60852 0
-4.59852 0.09375
-4.58852 0
-4.57852 0
-4.56852 0
-4.55852 0
-4.54852 0
-4.53852 0
-4.52852 0
-4.51852 0
-4.50852 0
-4.49852 0.09375
-4.48852 0
-4.47852 0
-4.46852 0
-4.45852 0
-4.44852 0
-4.43852 0
-4.42852 0
-4.41852 0
-4.40852 0
-4.39852 0
-4.38852 0
-4.37852 0
-4.36852 0
-4.35852 0
-4.34852 0
-4.33852 0
-4.32852 0
-4.31852 0
-4.30852 0
-4.29852 0
-4.28852 0
-4.27852 0
-4.26852 0
-4.25852 0.046875
-4.24852 0
-4.23852 0
-4.22852 0
-4.21852 0.09375
-4.20852 0
-4.19852 0
-4.18852 0
-4.17852 0
-4.16852 0
-4.15852 0
-4.14852 0.0234375
-4.13852 0
-4.12852 0
-4.11852 0
-4.10852 0
-4.09852 0.09375
-4.08852 0.046875
-4.07852 0
-4.06852 0
-4.05852 0.046875
-4.04852 0
-4.03852 0
-4.02852 0.09375
-4.01852 0
-4.00852 0
-3.99852 0
-3.98852 0
-3.97852 0.1875
-3.96852 0
-3.95852 0.09375
-3.94852 0.046875
-3.93852 0
-3.92852 0.046875
-3.91852 0
-3.90852 0.09375
-3.89852 0
-3.88852 0
-3.87852 0
-3.86852 0
-3.85852 0
-3.84852 0
-3.83852 0.09375
-3.82852 0
-3.81852 0.046875
-3.80852 0
-3.79852 0.09375
-3.78852 0
-3.77852 0
-3.76852 0
-3.75852 0
-3.74852 0
-3.73852 0.1875
-3.72852 0.140625
-3.71852 0
-3.70852 0.09375
-3.69852 0
-3.68852 0
-3.67852 0.09375
-3.66852 0.09375
-3.65852 0
-3.64852 0
-3.63852 0.046875
-3.62852 0.046875
-3.61852 0
-3.60852 0
-3.59852 0
-3.58852 0
-3.57852 0.09375
-3.56852 0
-3.55852 0
-3.54852 0
-3.53852 0
-3.52852 0
-3.51852 0
-3.50852 0.046875
-3.49852 0
-3.48852 0
-3.47852 0.09375
-3.46852 0.09375
-3.45852 0.09375
-3.44852 0.046875
-3.43852 0
-3.42852 0
-3.41852 0.046875
-3.40852 0.046875
-3.39852 0.046875
-3.38852 0
-3.37852 0
-3.36852 0
-3.35852 0.09375
-3.34852 0
-3.33852 0
-3.32852 0
-3.31852 0
-3.30852 0
-3.29852 0.046875
-3.28852 0
-3.27852 0.09375
-3.26852 0
-3.25852 0
-3.24852 0
-3.23852 0
-3.22852 0
-3.21852 0.09375
-3.20852 0.1875
-3.19852 0
-3.18852 0
-3.17852 0.09375
-3.16852 0.046875
-3.15852 0
-3.14852 0.140625
-3.13852 0
-3.12852 0.09375
-3.11852 0.046875
-3.10852 0
-3.09852 0.046875
-3.08852 0
-3.07852 0
-3.06852 0
-3.05852 0
-3.04852 0
-3.03852 0
-3.02852 0
-3.01852 0.09375
-3.00852 0
-2.99852 0.09375
-2.98852 0
-2.97852 0
-2.96852 0
-2.95852 0
-2.94852 0
-2.93852 0.09375
-2.92852 0.09375
-2.91852 0
-2.90852 0
-2.89852 0.140625
-2.88852 0
-2.87852 0
-2.86852 0
-2.85852 0
-2.84852 0
-2.83852 0.0234375
-2.82852 0
-2.81852 0
-2.80852 0
-2.79852 0.09375
-2.78852 0.046875
-2.77852 0
-2.76852 0
-2.75852 0
-2.74852 0
-2.73852 0.046875
-2.72852 0
-2.71852 0
-2.70852 0
-2.69852 0
-2.68852 0.046875
-2.67852 0
-2.66852 0
-2.65852 0
-2.64852 0
-2.63852 0.046875
-2.62852 0
-2.61852 0.046875
-2.60852 0
-2.59852 0
-2.58852 0
-2.57852 0.09375
-2.56852 0
-2.55852 0.046875
-2.54852 0
-2.53852 0
-2.52852 0
-2.51852 0
-2.50852 0
-2.49852 0
-2.48852 0
-2.47852 0.09375
-2.46852 0.09375
-2.45852 0
-2.44852 0
-2.43852 0
-2.42852 0
-2.41852 0
-2.40852 0
-2.39852 0
-2.38852 0.09375
-2.37852 0
-2.36852 0.046875
-2.35852 0.046875
-2.34852 0
-2.33852 0
-2.32852 0
-2.31852 0.09375
-2.30852 0
-2.29852 0
-2.28852 0
-2.27852 0.09375
-2.26852 0
-2.25852 0
-2.24852 0
-2.23852 0
-2.22852 0
-2.21852 0
-2.20852 0.125
-2.19852 0
-2.18852 0
-2.17852 0
-2.16852 0.046875
-2.15852 0
-2.14852 0.09375
-2.13852 0
-2.12852 0.140625
-2.11852 0.015625
-2.10852 0.09375
-2.09852 0
-2.08852 0
-2.07852 0
-2.06852 0
-2.05852 0.046875
-2.04852 0.046875
-2.03852 0
-2.02852 0.046875
-2.01852 0
-2.00852 0.09375
-1.99852 0.09375
-1.98852 0
-1.97852 0
-1.96852 0
-1.95852 0
-1.94852 0
-1.93852 0
-1.92852 0.046875
-1.91852 0
-1.90852 0.046875
-1.89852 0
-1.88852 0
-1.87852 0
-1.86852 0
-1.85852 0
-1.84852 0.09375
-1.83852 0.046875
-1.82852 0
-1.81852 0
-1.80852 0
-1.79852 0.046875
-1.78852 0.09375
-1.77852 0.046875
-1.76852 0
-1.75852 0
-1.74852 0
-1.73852 0.1875
-1.72852 0.1875
-1.71852 0
-1.70852 0
-1.69852 0.140625
-1.68852 0.046875
-1.67852 0
-1.66852 0
-1.65852 0.09375
-1.64852 0
-1.63852 0
-1.62852 0
-1.61852 0
-1.60852 0
-1.59852 0
-1.58852 0
-1.57852 0
-1.56852 0
-1.55852 0
-1.54852 0
-1.53852 0
-1.52852 0.09375
-1.51852 0.046875
-1.50852 0
-1.49852 0
-1.48852 0
-1.47852 0.140625
-1.46852 0.046875
-1.45852 0
-1.44852 0
-1.43852 0
-1.42852 0
-1.41852 0
-1.40852 0
-1.39852 0.09375
-1.38852 0
-1.37852 0.09375
-1.36852 0
-1.35852 0
-1.34852 0
-1.33852 0.09375
-1.32852 0
-1.31852 0.046875
-1.30852 0
-1.29852 0.09375
-1.28852 0.140625
-1.27852 0
-1.26852 0
-1.25852 0
-1.24852 0
-1.23852 0
-1.22852 0
-1.21852 0
-1.20852 0
-1.19852 0
-1.18852 0
-1.17852 0
-1.16852 0.046875
-1.15852 0.140625
-1.14852 0
-1.13852 0
-1.12852 0
-1.11852 0.046875
-1.10852 0
-1.09852 0
-1.08852 0
-1.07852 0
-1.06852 0.140625
-1.05852 0
-1.04852 0
-1.03852 0
-1.02852 0.140625
-1.01852 0.09375
-1.00852 0
-0.998518 0
-0.988518 0
-0.978518 0
-0.968518 0.046875
-0.958518 0
-0.948518 0
-0.938518 0
-0.928518 0
-0.918518 0
-0.908518 0.015625
-0.898518 0.09375
-0.888518 0
-0.878518 0.046875
-0.868518 0
-0.858518 0
-0.848518 0.09375
-0.838518 0
-0.828518 0.046875
-0.818518 0.09375
-0.808518 0
-0.798518 0
-0.788518 0
-0.778518 0.09375
-0.768518 0
-0.758518 0
-0.748518 0.09375
-0.738518 0
-0.728518 0.046875
-0.718518 0
-0.708518 0.09375
-0.698518 0
-0.688518 0.046875
-0.678518 0
-0.668518 0
-0.658518 0
-0.648518 0
-0.638518 0.046875
-0.628518 0
-0.618518 0.0234375
-0.608518 0
-0.598518 0.046875
-0.588518 0.1875
-0.578518 0.046875
-0.568518 0.09375
-0.558518 0
-0.548518 0
-0.538518 0
-0.528518 0
-0.518518 0
-0.508518 0.046875
-0.498518 0.046875
-0.488518 0.0546875
-0.478518 0.09375
-0.468518 0
-0.458518 0
-0.448518 0.046875
-0.438518 0
-0.428518 0.09375
-0.418518 0
-0.408518 0.0234375
-0.398518 0.09375
-0.388518 0
-0.378518 0
-0.368518 0
-0.358518 0
-0.348518 0
-0.338518 0
-0.328518 0
-0.318518 0
-0.308518 0.046875
-0.298518 0
-0.288518 0
-0.278518 0.09375
-0.268518 0.09375
-0.258518 0
-0.248518 0
-0.238518 0.09375
-0.228518 0
-0.218518 0
-0.208518 0
-0.198518 0
-0.188518 0
-0.178518 0
-0.168518 0
-0.158518 0
-0.148518 0.046875
-0.138518 0
-0.128518 0
-0.118518 0
-0.108518 0
-0.0985184 0.09375
-0.0885184 0
-0.0785184 0.09375
-0.0685184 0
-0.0585184 0
-0.0485184 0
-0.0385184 0
-0.0285184 0
-0.0185184 0
-0.00851838 0
0.00148162 0
0.0114816 0
0.0214816 0
0.0314816 0
0.0414816 0
0.0514816 0.046875
0.0614816 0
0.0714816 0
0.0814816 0
0.0914816 0
0.101482 0
0.111482 0
0.121482 0.046875
0.131482 0
0.141482 0
0.151482 0
0.161482 0
0.171482 0
0.181482 0
0.191482 0
0.201482 0
0.211482 0
0.221482 0
0.231482 0
0.241482 0
0.251482 0
0.261482 0
0.271482 0
0.281482 0
0.291482 0
0.301482 0
0.311482 0
0.321482 0
0.331482 0
0.341482 0
0.351482 0
0.361482 0
0.371482 0
0.381482 0
0.391482 0
0.401482 0
0.411482 0
0.421482 0
0.431482 0
0.441482 0
0.451482 0
0.461482 0
0.471482 0
0.481482 0
0.491482 0
0.501482 0
0.511482 0
0.521482 0
0.531482 0
0.541482 0
0.551482 0
0.561482 0
0.571482 0
0.581482 0
0.591482 0
0.601482 0
0.611482 0
0.621482 0
0.631482 0
0.641482 0
0.651482 0
0.661482 0
0.671482 0
0.681482 0
0.691482 0
0.701482 0
0.711482 0
0.721482 0
0.731482 0
0.741482 0
0.751482 0
0.761482 0
0.771482 0
0.781482 0
0.791482 0
0.801482 0
0.811482 0
0.821482 0
0.831482 0
0.841482 0
0.851482 0
0.861482 0
0.871482 0
0.881482 0
0.891482 0
0.901482 0
0.911482 0
0.921482 0
0.931482 0
0.941482 0
0.951482 0
0.961482 0
0.971482 0
0.981482 0
0.991482 0
1.00148 0
1.01148 0
1.02148 0
1.03148 0
1.04148 0
1.05148 0
1.06148 0
1.07148 0
1.08148 0
1.09148 0
1.10148 0
1.11148 0
1.12148 0
1.13148 0
1.14148 0
1.15148 0
1.16148 0
1.17148 0
1.18148 0
1.19148 0
1.20148 0
1.21148 0
1.22148 0
1.23148 0
1.24148 0
1.25148 0
1.26148 0
1.27148 0
1.28148 0
1.29148 0
1.30148 0
1.31148 0
1.32148 0
1.33148 0
1.34148 0
1.35148 0
1.36148 0
1.37148 0
1.38148 0
1.39148 0
1.40148 0
1.41148 0
1.42148 0
1.43148 0
1.44148 0
1.45148 0
1.46148 0
1.47148 0
1.48148 0
1.49148 0
1.50148 0
1.51148 0
1.52148 0
1.53148 0
1.54148 0
1.55148 0
1.56148 0
1.57148 0
1.58148 0
1.59148 0
1.60148 0
1.61148 0
1.62148 0
1.63148 0
1.64148 0
1.65148 0
1.66148 0
1.67148 0
1.68148 0
1.69148 0
1.70148 0
1.71148 0
1.72148 0
1.73148 0
1.74148 0
1.75148 0
1.76148 0
1.77148 0
1.78148 0
1.79148 0
1.80148 0
1.81148 0
1.82148 0
1.83148 0
1.84148 0.046875
1.85148 0.09375
1.86148 0
1.87148 0
1.88148 0
1.89148 0
1.90148 0
1.91148 0
1.92148 0
1.93148 0
1.94148 0
1.95148 0.09375
1.96148 0
1.97148 0
1.98148 0
1.99148 0
2.00148 0
2.01148 0.046875
2.02148 0
2.03148 0.1875
2.04148 0
2.05148 0
2.06148 0
2.07148 0.046875
2.08148 0.09375
2.09148 0
2.10148 0
2.11148 0
2.12148 0
2.13148 0
2.14148 0
2.15148 0
2.16148 0
2.17148 0
2.18148 0.046875
2.19148 0
2.20148 0
2.21148 0
2.22148 0
2.23148 0
2.24148 0
2.25148 0.09375
2.26148 0.046875
2.27148 0.09375
2.28148 0
2.29148 0
2.30148 0
2.31148 0.09375
2.32148 0
2.33148 0
2.34148 0
2.35148 0.046875
2.36148 0
2.37148 0
2.38148 0
2.39148 0
2.40148 0
2.41148 0
2.42148 0
2.43148 0.09375
2.44148 0
2.45148 0
2.46148 0.046875
2.47148 0
2.48148 0
2.49148 0
2.50148 0
2.51148 0
2.52148 0.09375
2.53148 0
2.54148 0.046875
2.55148 0
2.56148 0
2.57148 0
2.58148 0
2.59148 0.09375
2.60148 0
2.61148 0.046875
2.62148 0
2.63148 0.140625
2.64148 0.046875
2.65148 0.09375
2.66148 0
2.67148 0
2.68148 0
2.69148 0.046875
2.70148 0
2.71148 0
2.72148 0
2.73148 0.09375
2.74148 0.046875
2.75148 0.09375
2.76148 0.09375
2.77148 0
2.78148 0
2.79148 0.09375
2.80148 0.046875
2.81148 0
2.82148 0
2.83148 0
2.84148 0
2.85148 0
2.86148 0.1875
2.87148 0.09375
2.88148 0
2.89148 0.09375
2.90148 0.09375
2.91148 0.09375
2.92148 0
2.93148 0
2.94148 0
2.95148 0
2.96148 0.0234375
2.97148 0
2.98148 0
2.99148 0.140625
3.00148 0.1875
3.01148 0.140625
3.02148 0.046875
3.03148 0.046875
3.04148 0.09375
3.05148 0
3.06148 0
3.07148 0
3.08148 0.046875
3.09148 0.140625
3.10148 0
3.11148 0
3.12148 0.09375
3.13148 0.046875
3.14148 0
3.15148 0
3.16148 0
3.17148 0.046875
3.18148 0
3.19148 0
3.20148 0.117188
3.21148 0
3.22148 0
3.23148 0.09375
3.24148 0.046875
3.25148 0
3.26148 0.09375
3.27148 0.09375
3.28148 0.0625
3.29148 0.09375
3.30148 0.09375
3.31148 0.09375
3.32148 0
3.33148 0
3.34148 0.09375
3.35148 0
3.36148 0.015625
3.37148 0
3.38148 0
3.39148 0.046875
3.40148 0.09375
3.41148 0
3.42148 0
3.43148 0
3.44148 0
3.45148 0
3.46148 0.046875
3.47148 0
3.48148 0
3.49148 0
3.50148 0
3.51148 0.09375
3.52148 0
3.53148 0.09375
3.54148 0
3.55148 0.046875
3.56148 0
3.57148 0.046875
3.58148 0
3.59148 0.046875
3.60148 0
3.61148 0.09375
3.62148 0
3.63148 0.09375
3.64148 0
3.65148 0.046875
3.66148 0
3.67148 0
3.68148 0.09375
3.69148 0
3.70148 0
3.71148 0
3.72148 0
3.73148 0
3.74148 0.09375
3.75148 0.046875
3.76148 0
3.77148 0
3.78148 0
3.79148 0
3.80148 0.046875
3.81148 0
3.82148 0
3.83148 0.046875
3.84148 0
3.85148 0.046875
3.86148 0
3.87148 0
3.88148 0
3.89148 0.09375
3.90148 0
3.91148 0
3.92148 0.09375
3.93148 0
3.94148 0
3.95148 0
3.96148 0.046875
3.97148 0
3.98148 0
3.99148 0
4.00148 0
4.01148 0.046875
4.02148 0
4.03148 0
4.04148 0
4.05148 0.0234375
4.06148 0
4.07148 0
4.08148 0
4.09148 0
4.10148 0
4.11148 0
4.12148 0
4.13148 0.09375
4.14148 0
4.15148 0
4.16148 0
4.17148 0
4.18148 0.09375
4.19148 0.046875
4.20148 0
4.21148 0
4.22148 0.046875
4.23148 0
4.24148 0
4.25148 0
4.26148 0
4.27148 0
4.28148 0
4.29148 0
4.30148 0
4.31148 0
4.32148 0
4.33148 0
4.34148 0
4.35148 0
4.36148 0
4.37148 0
4.38148 0.09375
4.39148 0.09375
4.40148 0
4.41148 0.046875
4.42148 0
4.43148 0.09375
4.44148 0
4.45148 0
4.46148 0
4.47148 0
4.48148 0.09375
4.49148 0.09375
4.50148 0
4.51148 0.046875
4.52148 0.046875
4.53148 0
4.54148 0
4.55148 0.09375
4.56148 0
4.57148 0.140625
4.58148 0
4.59148 0.0234375
4.60148 0.09375
4.61148 0
4.62148 0.046875
4.63148 0
4.64148 0
4.65148 0
4.66148 0
4.67148 0
4.68148 0
4.69148 0
4.70148 0
4.71148 0
4.72148 0
4.73148 0
4.74148 0
4.75148 0
4.76148 0.09375
4.77148 0
4.78148 0
4.79148 0
4.80148 0
4.81148 0
4.82148 0
4.83148 0
4.84148 0
4.85148 0
4.86148 0
4.87148 0.09375
4.88148 0
4.89148 0
4.90148 0
4.91148 0
4.92148 0.09375
4.93148 0
4.94148 0
4.95148 0
4.96148 0
4.97148 0
4.98148 0
4.99148 0.046875
5.00148 0
5.01148 0
5.02148 0
5.03148 0
5.04148 0
5.05148 0
5.06148 0
5.07148 0
5.08148 0
5.09148 0
5.10148 0
5.11148 0
5.12148 0
5.13148 0
5.14148 0
5.15148 0
5.16148 0
5.17148 0
5.18148 0
5.19148 0
5.20148 0.09375
5.21148 0
5.22148 0
5.23148 0
5.24148 0
5.25148 0
5.26148 0
5.27148 0
5.28148 0.046875
5.29148 0
5.30148 0
5.31148 0
5.32148 0
5.33148 0.0078125
5.34148 0
5.35148 0
5.36148 0
5.37148 0
5.38148 0
5.39148 0
5.40148 0
5.41148 0
5.42148 0
5.43148 0.09375
5.44148 0
5.45148 0
5.46148 0
5.47148 0
5.48148 0
5.49148 0
5.50148 0
5.51148 0
5.52148 0
5.53148 0
5.54148 0
5.55148 0
5.56148 0.0078125
5.57148 0
5.58148 0
5.59148 0
5.60148 0
5.61148 0
5.62148 0.046875
5.63148 0
5.64148 0
5.65148 0.046875
5.66148 0
5.67148 0
5.68148 0
5.69148 0
5.70148 0.046875
5.71148 0
5.72148 0
5.73148 0
5.74148 0
5.75148 0
5.76148 0
5.77148 0
5.78148 0
5.79148 0
5.80148 0
5.81148 0
5.82148 0.046875
5.83148 0
5.84148 0
5.85148 0
5.86148 0
5.87148 0
5.88148 0
5.89148 0
5.90148 0
5.91148 0.046875
5.92148 0
5.93148 0
5.94148 0
5.95148 0.09375
5.96148 0
5.97148 0
5.98148 0
5.99148 0
6.00148 0
6.01148 0
6.02148 0
6.03148 0
6.04148 0
6.05148 0
6.06148 0
6.07148 0
6.08148 0
6.09148 0
6.10148 0.046875
6.11148 0
6.12148 0
6.13148 0
6.14148 0
6.15148 0
6.16148 0.09375
6.17148 0
6.18148 0
6.19148 0
6.20148 0
6.21148 0
6.22148 0
6.23148 0
6.24148 0
6.25148 0
6.26148 0
6.27148 0
6.28148 0
6.29148 0
6.30148 0
6.31148 0
6.32148 0.046875
6.33148 0
6.34148 0
6.35148 0.046875
6.36148 0
6.37148 0
6.38148 0
6.39148 0.0078125
6.40148 0
6.41148 0
6.42148 0.09375
6.43148 0
6.44148 0
6.45148 0
6.46148 0
6.47148 0
6.48148 0
6.49148 0
6.50148 0
6.51148 0.046875
6.52148 0
6.53148 0
6.54148 0
6.55148 0
6.56148 0.046875
6.57148 0
6.58148 0
6.59148 0
6.60148 0
6.61148 0
6.62148 0.046875
6.63148 0.09375
6.64148 0
6.65148 0
6.66148 0
6.67148 0.0234375
6.68148 0
6.69148 0
6.70148 0.046875
6.71148 0
6.72148 0
6.73148 0
6.74148 0
6.75148 0
6.76148 0
6.77148 0
6.78148 0.046875
6.79148 0
6.80148 0.09375
6.81148 0
6.82148 0
6.83148 0.046875
6.84148 0
6.85148 0.046875
6.86148 0
6.87148 0
6.88148 0.09375
6.89148 0
6.90148 0
6.91148 0
6.92148 0
6.93148 0
6.94148 0
6.95148 0
6.96148 0
6.97148 0
6.98148 0
6.99148 0.09375
7.00148 0.046875
7.01148 0
7.02148 0
7.03148 0.09375
7.04148 0
7.05148 0
7.06148 0
7.07148 0
7.08148 0
7.09148 0
7.10148 0.09375
7.11148 0.09375
7.12148 0
7.13148 0
7.14148 0.09375
7.15148 0.0078125
7.16148 0
7.17148 0
7.18148 0.046875
7.19148 0
7.20148 0.046875
7.21148 0.09375
7.22148 0
7.23148 0
7.24148 0
7.25148 0
7.26148 0
7.27148 0
7.28148 0
7.29148 0
7.30148 0
7.31148 0
7.32148 0
7.33148 0
7.34148 0.046875
7.35148 0
7.36148 0
7.37148 0
7.38148 0
7.39148 0.09375
7.40148 0
7.41148 0
7.42148 0.09375
7.43148 0.046875
7.44148 0
7.45148 0
7.46148 0.046875
7.47148 0
7.48148 0
7.49148 0.09375
7.50148 0.09375
7.51148 0
7.52148 0
7.53148 0
7.54148 0.09375
7.55148 0
7.56148 0
7.57148 0
7.58148 0
7.59148 0.09375
7.60148 0
7.61148 0.09375
7.62148 0
7.63148 0
7.64148 0
7.65148 0.046875
7.66148 0
7.67148 0
7.68148 0.09375
7.69148 0
7.70148 0
7.71148 0.09375
7.72148 0
7.73148 0.046875
7.74148 0
7.75148 0
7.76148 0.046875
7.77148 0.09375
7.78148 0
7.79148 0
7.80148 0
7.81148 0
7.82148 0
7.83148 0.046875
7.84148 0.09375
7.85148 0.0078125
7.86148 0
7.87148 0
7.88148 0
7.89148 0
7.90148 0
7.91148 0.046875
7.92148 0.046875
7.93148 0
7.94148 0.046875
7.95148 0
7.96148 0.09375
7.97148 0
7.98148 0
7.99148 0
8.00148 0
8.01148 0.046875
8.02148 0
8.03148 0
8.04148 0.09375
8.05148 0
8.06148 0.09375
8.07148 0
8.08148 0
8.09148 0
8.10148 0.09375
8.11148 0.0234375
8.12148 0
8.13148 0.09375
8.14148 0
8.15148 0.09375
8.16148 0.09375
8.17148 0
8.18148 0.1875
8.19148 0
8.20148 0
8.21148 0
8.22148 0.09375
8.23148 0
8.24148 0
8.25148 0
8.26148 0
8.27148 0
8.28148 0
8.29148 0.09375
8.30148 0
8.31148 0.09375
8.32148 0
8.33148 0
8.34148 0
8.35148 0.0234375
8.36148 0
8.37148 0
8.38148 0
8.39148 0
8.40148 0
8.41148 0.1875
8.42148 0
8.43148 0.09375
8.44148 0
8.45148 0
8.46148 0
8.47148 0
8.48148 0
8.49148 0
8.50148 0.09375
8.51148 0
8.52148 0
8.53148 0
8.54148 0
8.55148 0.140625
8.56148 0.046875
8.57148 0
8.58148 0
8.59148 0
8.60148 0.09375
8.61148 0.046875
8.62148 0
8.63148 0
8.64148 0
8.65148 0
8.66148 0
8.67148 0.046875
8.68148 0
8.69148 0.046875
8.70148 0.046875
8.71148 0
8.72148 0.09375
8.73148 0
8.74148 0
8.75148 0.09375
8.76148 0.09375
8.77148 0.1875
8.78148 0
8.79148 0.046875
8.80148 0
8.81148 0.09375
8.82148 0.234375
8.83148 0
8.84148 0
8.85148 0.09375
8.86148 0
8.87148 0
8.88148 0
8.89148 0
8.90148 0
8.91148 0.234375
8.92148 0
8.93148 0.046875
8.94148 0.046875
8.95148 0
8.96148 0.09375
8.97148 0
8.98148 0
8.99148 0
9.00148 0.046875
9.01148 0
9.02148 0
9.03148 0.09375
9.04148 0
9.05148 0
9.06148 0
9.07148 0
9.08148 0.046875
9.09148 0
9.10148 0.140625
9.11148 0
9.12148 0.046875
9.13148 0
9.14148 0
9.15148 0
9.16148 0
9.17148 0.0234375
9.18148 0
9.19148 0.101562
9.20148 0.09375
9.21148 0
9.22148 0.09375
9.23148 0
9.24148 0
9.25148 0
9.26148 0.09375
9.27148 0
9.28148 0.09375
9.29148 0
9.30148 0.046875
9.31148 0.046875
9.32148 0
9.33148 0.09375
9.34148 0
9.35148 0
9.36148 0
9.37148 0.046875
9.38148 0
9.39148 0.09375
9.40148 0
9.41148 0.09375
9.42148 0
9.43148 0
9.44148 0
9.45148 0.09375
9.46148 0
9.47148 0.140625
9.48148 0.09375
9.49148 0
9.50148 0
9.51148 0
9.52148 0
9.53148 0
9.54148 0
9.55148 0.046875
9.56148 0
9.57148 0
9.58148 0
9.59148 0
9.60148 0
9.61148 0
9.62148 0.046875
9.63148 0.09375
9.64148 0
9.65148 0.046875
9.66148 0
9.67148 0
9.68148 0
9.69148 0
9.70148 0.046875
9.71148 0.046875
9.72148 0
9.73148 0.046875
9.74148 0.046875
9.75148 0.09375
9.76148 0
9.77148 0
9.78148 0
9.79148 0
9.80148 0
9.81148 0.09375
9.82148 0
9.83148 0
9.84148 0
9.85148 0
9.86148 0.1875
9.87148 0.046875
9.88148 0.0234375
9.89148 0
9.90148 0.140625
9.91148 0.09375
9.92148 0
9.93148 0.09375
9.94148 0.046875
9.95148 0.09375
9.96148 0.09375
9.97148 0
9.98148 0
9.99148 0
10.0015 0
10.0115 0
10.0215 0
10.0315 0.1875
10.0415 0
10.0515 0
10.0615 0.046875
10.0715 0.09375
10.0815 0
10.0915 0
10.1015 0
10.1115 0.046875
10.1215 0.046875
10.1315 0.046875
10.1415 0.046875
10.1515 0
10.1615 0
10.1715 0.09375
10.1815 0.140625
10.1915 0
10.2015 0.09375
10.2115 0.09375
10.2215 0
10.2315 0
10.2415 0
10.2515 0.09375
10.2615 0.09375
10.2715 0
10.2815 0.0703125
10.2915 0
10.3015 0.140625
10.3115 0.1875
10.3215 0.046875
10.3315 0
10.3415 0.09375
10.3515 0
10.3615 0
10.3715 0
10.3815 0
10.3915 0
10.4015 0
10.4115 0
10.4215 0
10.4315 0
10.4415 0
10.4515 0
10.4615 0
10.4715 0
10.4815 0
10.4915 0.09375
10.5015 0
10.5115 0
10.5215 0.09375
10.5315 0
10.5415 0
10.5515 0
10.5615 0
10.5715 0
10.5815 0
10.5915 0
10.6015 0
10.6115 0
10.6215 0
10.6315 0
10.6415 0
10.6515 0
10.6615 0
10.6715 0
10.6815 0
10.6915 0
10.7015 0
10.7115 0
10.7215 0
10.7315 0
10.7415 0
10.7515 0
10.7615 0
10.7715 0
10.7815 0
10.7915 0
10.8015 0
10.8115 0
10.8215 0
10.8315 0
10.8415 0
10.8515 0
10.8615 0
10.8715 0.046875
10.8815 0
10.8915 0
10.9015 0
10.9115 0
10.9215 0
10.9315 0
10.9415 0
10.9515 0
10.9615 0
10.9715 0
10.9815 0
10.9915 0
11.0015 0
11.0115 0
11.0215 0
11.0315 0
11.0415 0
11.0515 0
11.0615 0
11.0715 0
11.0815 0.046875
11.0915 0
11.1015 0
11.1115 0
11.1215 0
11.1315 0
11.1415 0
11.1515 0
11.1615 0
11.1715 0
11.1815 0
11.1915 0
11.2015 0
11.2115 0
11.2215 0
11.2315 0
11.2415 0
11.2515 0
11.2615 0
11.2715 0
11.2815 0
11.2915 0
11.3015 0
11.3115 0
11.3215 0
11.3315 0
11.3415 0
11.3515 0
11.3615 0
11.3715 0
11.3815 0
11.3915 0
11.4015 0
11.4115 0
11.4215 0
11.4315 0
11.4415 0
