K_POINTS
13
Line
0.0000000000	0.0000000000	0.5000000000 20  #A
-0.0000000000	-0.0000000000	-0.5000000000 20 #A'
0.0000000000	0.0000000000	0.0000000000  20 #G
0.3333333333	0.3333333333	0.5000000000  20 #H
-0.3333333333	-0.3333333333	-0.5000000000 20 #H'
0.3333333333	0.3333333333	-0.5000000000 20 #H2
-0.3333333333	-0.3333333333	0.5000000000  20 #H2'
0.3333333333	0.3333333333	0.0000000000  20 #K
-0.3333333333	-0.3333333333	-0.0000000000 20 #K'
0.5000000000	0.0000000000	0.5000000000  20 #L
-0.5000000000	-0.0000000000	-0.5000000000 20 #L'
0.5000000000	0.0000000000	0.0000000000  20 #M
-0.5000000000	-0.0000000000	-0.0000000000 1  #M'
